5 9
29 23 13 9 92 43 1 78 97 34 33 68 86 7 58 18 26 22 30 55 4 16 54 50 73 71 80 48 14 35 41 17 85 77 49 82 87 72 36 10 24 6 57 20 45 2 21 81 37 95 76 40 28 98 62 52 91 19 11 59 88 3 15 64 8 61 75 83 93 32 94 84 38 90 89 25 70 99 53 60 39 74 31 27 79 69 5 67 12 65 96 66 44 0 42 56 63 47 51 46 
40 93 0 6 56 95 16 72 10 31 29 26 92 89 83 12 76 18 19 21 86 15 42 50 73 69 67 3 32 11 27 4 94 22 44 35 25 81 65 48 60 62 36 85 75 70 17 45 37 23 14 87 13 33 5 34 66 96 8 74 59 61 1 63 53 79 88 38 51 39 71 77 24 7 84 55 98 43 52 49 2 28 64 68 91 41 9 78 54 99 47 46 82 57 58 90 97 20 30 80 
19 20 13 57 38 42 59 94 50 26 45 16 73 92 83 21 4 49 27 78 82 71 8 48 84 74 22 68 18 80 33 1 46 14 64 81 7 12 10 5 34 54 25 0 44 47 76 65 51 75 36 79 17 37 72 30 61 93 6 66 35 70 11 15 99 9 24 69 90 88 39 53 32 31 56 67 89 58 41 52 40 29 91 95 60 62 28 87 63 2 77 3 85 86 43 97 98 96 55 23 
23 43 35 74 0 69 49 79 19 45 31 37 80 52 14 58 12 60 77 21 66 16 32 34 26 64 1 75 72 51 7 38 42 56 59 85 25 9 81 22 27 70 86 94 62 15 55 18 99 95 54 6 29 84 28 65 67 17 73 87 53 68 50 89 40 61 78 46 8 24 48 96 83 90 88 10 71 82 11 3 98 57 93 92 41 33 63 20 44 47 76 13 91 97 30 4 39 2 5 36 
72 46 8 39 25 0 47 92 69 1 3 83 66 20 76 36 99 11 50 21 85 81 63 84 15 31 9 34 19 18 12 61 89 77 93 94 80 71 7 78 24 4 6 55 62 79 74 58 82 51 73 28 30 70 10 43 52 53 14 27 16 56 95 65 41 44 60 98 48 26 35 32 37 87 2 33 29 45 22 64 13 23 57 54 91 75 86 59 88 17 90 49 38 5 97 67 42 96 40 68 
76 79 78 69 27 71 21 74 43 60 61 57 67 80 53 20 88 13 12 56 0 28 62 96 73 65 98 10 11 17 4 47 36 90 14 66 45 40 75 42 5 95 34 49 64 93 85 26 59 22 58 92 94 48 6 83 89 37 19 30 23 72 39 86 51 18 29 84 99 38 77 15 33 8 63 9 44 25 46 70 82 1 91 55 35 81 41 31 50 32 54 2 87 24 7 16 68 52 3 97 
82 15 0 98 97 31 71 29 83 37 52 68 12 56 42 46 75 14 48 50 69 28 4 57 22 7 53 34 43 27 96 35 99 85 24 77 18 25 92 59 79 54 19 38 5 44 1 55 36 16 84 51 39 73 95 62 90 80 66 17 88 6 94 65 81 60 67 20 21 10 70 8 89 87 61 13 78 86 76 33 2 74 91 45 30 40 47 26 63 49 41 9 72 64 58 32 93 23 3 11 
49 14 3 96 29 58 5 10 19 22 83 95 6 60 7 61 56 59 64 13 8 51 9 76 42 72 0 20 69 75 70 92 31 82 94 33 27 30 88 90 32 39 24 41 68 12 44 79 34 47 1 2 80 37 99 54 77 46 4 40 97 57 25 15 21 71 45 53 98 26 78 35 73 93 87 74 43 89 55 65 67 50 63 62 28 36 11 86 84 18 16 38 23 17 85 91 52 66 48 81 
25 29 9 11 12 76 77 83 4 87 67 46 10 17 8 52 74 79 92 32 78 68 99 54 6 33 0 71 75 55 69 23 73 94 86 38 51 60 48 13 88 81 35 5 18 53 16 44 1 47 22 41 58 50 43 57 15 82 84 19 97 40 24 37 42 56 96 34 27 66 62 30 2 7 21 63 20 28 85 65 89 14 90 45 64 91 49 95 36 98 93 3 72 26 59 31 80 70 39 61 
55 49 30 93 5 58 65 81 89 24 97 47 90 53 79 76 44 19 66 96 77 54 45 83 51 16 48 63 60 4 22 23 91 39 20 42 88 56 68 75 57 10 69 70 78 74 31 94 7 64 71 73 27 36 61 12 80 26 50 25 84 40 87 34 95 28 3 8 72 13 92 14 59 41 17 1 2 32 37 33 35 82 85 6 11 9 0 86 15 46 18 67 99 43 98 29 38 62 52 21 
14 23 84 19 0 1 55 22 35 66 47 7 96 21 9 52 42 86 87 65 75 5 43 45 70 46 83 28 98 90 30 27 17 32 92 41 29 72 88 69 56 12 97 85 60 38 40 94 8 37 63 26 2 34 73 67 61 48 11 16 44 31 91 64 57 15 50 6 49 89 39 80 4 74 78 71 33 77 18 76 24 68 20 13 25 93 3 62 95 59 58 81 82 54 36 99 79 51 10 53 
85 98 54 31 46 36 72 84 75 24 22 76 17 57 19 65 43 95 11 73 56 74 60 91 94 93 51 21 40 53 26 7 71 70 50 67 66 79 92 23 27 32 39 82 63 48 90 44 3 49 87 29 18 78 35 68 9 77 42 4 81 12 30 38 1 8 37 69 59 89 5 13 10 64 88 41 55 20 33 86 58 34 52 96 15 97 47 0 80 28 2 83 45 16 14 6 99 61 62 25 
50 72 79 47 84 88 73 35 30 43 24 34 46 38 42 25 82 37 67 22 12 64 94 36 9 16 7 17 85 93 91 57 60 4 19 3 49 99 2 32 59 56 53 40 66 27 23 63 51 83 28 95 55 92 96 98 89 6 29 21 44 70 62 26 87 77 20 80 5 45 78 48 81 68 14 75 52 1 41 97 33 86 65 58 0 74 54 76 39 90 8 10 71 13 15 69 11 31 61 18 
76 90 69 22 37 92 89 9 83 64 53 56 91 48 84 54 59 20 34 71 55 97 18 0 7 16 8 72 51 45 68 40 63 73 95 58 11 52 60 61 79 13 49 5 2 94 19 21 85 86 15 35 41 36 47 17 93 74 96 3 23 66 43 4 28 32 6 70 62 27 39 78 88 99 24 42 75 30 31 82 98 1 29 12 81 87 44 46 38 14 57 65 33 80 26 50 77 10 67 25 
41 52 50 43 46 61 80 73 12 16 77 83 74 66 60 63 19 65 3 90 22 82 20 34 6 94 97 15 68 39 47 14 2 10 71 7 98 18 4 99 62 26 69 11 25 89 76 53 36 23 92 85 57 27 30 44 8 72 55 54 95 84 33 79 5 42 75 59 93 81 24 0 13 1 45 40 64 70 51 87 32 56 29 38 91 86 28 49 9 31 17 35 37 78 67 96 88 58 21 48 
7 45 4 93 92 35 34 15 59 18 33 48 84 97 22 83 80 31 85 9 30 73 39 95 25 68 90 2 44 16 50 51 91 13 56 67 43 89 5 55 96 36 19 57 69 3 8 12 74 65 10 49 77 62 42 81 32 29 53 0 64 14 78 88 17 66 1 86 27 63 26 70 28 47 76 23 52 61 75 54 6 99 46 82 72 38 98 37 71 58 87 20 94 24 41 11 60 21 40 79 
32 85 47 73 58 22 95 42 80 38 43 14 2 98 40 87 62 53 39 31 70 51 89 69 75 13 60 30 67 79 97 57 76 25 77 56 24 28 49 66 27 6 5 33 20 86 82 45 35 81 11 0 26 34 36 18 64 78 21 88 54 29 3 72 15 48 50 17 16 59 84 99 68 41 71 23 90 8 12 65 7 94 96 37 91 92 63 19 44 55 9 74 83 1 4 46 52 10 93 61 
62 44 96 0 72 69 85 24 73 21 57 89 64 54 74 56 19 28 10 82 20 22 65 67 11 37 70 46 35 47 93 29 3 60 59 27 77 1 63 4 98 52 94 68 36 16 86 76 9 75 8 23 58 84 45 12 48 80 5 33 15 43 31 50 51 41 17 97 13 14 55 2 42 34 88 6 30 53 92 78 40 18 91 7 49 26 39 81 71 90 61 38 25 79 32 87 66 99 83 95 
91 7 69 0 23 26 41 74 46 84 99 15 48 58 30 81 3 29 76 20 68 70 12 18 82 60 59 45 75 96 39 24 86 62 25 14 67 19 71 79 55 37 16 73 93 89 32 13 56 64 53 88 38 42 36 49 57 34 94 65 33 1 5 50 9 63 78 87 47 17 92 40 51 27 97 8 61 28 4 43 98 44 66 11 54 85 90 2 6 31 22 10 52 21 72 80 77 83 95 35 
0 86 42 64 80 66 41 43 27 32 74 39 22 79 92 21 46 70 48 12 16 4 52 60 33 63 90 82 59 88 55 19 71 89 44 38 97 15 94 17 95 78 83 31 8 50 84 49 56 81 2 10 67 28 9 11 23 36 1 14 87 57 69 53 61 45 34 62 13 72 98 77 73 5 65 20 18 76 24 51 26 29 37 68 40 58 99 93 96 54 75 35 6 7 47 91 25 85 3 30 
32 31 42 90 52 44 1 50 37 88 99 8 30 43 96 11 84 25 80 9 20 2 61 46 56 29 85 78 93 41 72 67 64 49 77 53 87 10 3 48 24 23 51 92 18 4 83 13 6 33 69 38 19 59 17 34 82 94 28 75 26 98 14 79 95 63 91 89 21 54 70 55 12 76 65 62 5 60 58 0 68 86 66 27 81 16 7 36 73 15 40 74 47 57 39 45 97 22 71 35 
64 10 5 20 99 51 75 73 69 67 4 34 17 46 19 86 30 29 38 36 39 93 49 9 16 11 6 35 78 44 84 72 79 22 60 31 62 41 14 32 26 80 52 3 28 56 97 40 59 23 76 37 77 98 87 71 61 88 55 58 85 25 92 18 24 90 70 54 57 66 12 33 2 65 47 68 81 91 8 15 7 1 0 45 53 48 42 94 96 21 50 13 82 63 27 74 95 43 89 83 
38 91 61 63 14 60 28 1 37 85 59 34 58 77 9 40 79 87 13 33 24 74 11 93 57 42 86 62 10 32 88 82 64 98 29 16 31 8 89 75 22 73 4 39 71 53 46 94 26 48 90 7 49 25 81 41 43 72 83 78 5 30 3 96 99 56 50 95 17 19 76 80 15 69 65 51 6 21 20 2 47 84 45 70 55 44 97 0 27 18 67 36 66 35 23 54 52 92 12 68 
42 32 41 76 71 56 8 35 15 90 65 45 64 28 82 77 16 11 10 29 69 47 19 91 80 22 84 43 86 1 55 81 33 51 60 12 88 9 49 79 17 61 59 6 30 24 72 40 20 95 26 63 97 50 74 53 96 31 58 62 94 48 44 68 21 38 99 52 13 5 7 46 66 85 78 93 87 2 27 67 54 39 18 92 73 4 0 34 37 70 89 57 75 98 23 36 14 83 25 3 
70 63 25 10 13 72 32 28 14 62 20 73 82 35 43 71 33 30 47 44 81 29 80 66 67 97 41 91 58 49 19 9 88 95 23 57 7 46 84 21 31 4 54 69 36 8 24 26 92 18 1 37 5 0 78 94 83 16 79 52 6 90 3 11 93 12 68 48 89 34 86 87 61 96 85 59 74 98 2 45 56 27 17 53 15 40 42 51 75 65 22 76 50 77 55 64 38 60 39 99 
57 52 5 87 63 85 83 41 49 76 88 40 84 60 97 86 91 48 58 43 74 65 38 1 36 30 61 69 0 98 37 50 79 55 42 56 70 39 46 90 25 18 54 72 99 67 75 7 20 94 64 13 2 53 26 23 31 34 8 19 32 89 21 62 96 35 16 3 78 45 33 14 47 73 95 51 17 66 44 71 92 81 59 27 12 77 4 9 68 80 11 6 28 29 82 15 10 24 93 22 
14 37 89 99 92 41 13 87 29 66 12 64 34 17 95 70 24 35 30 75 7 57 23 52 69 98 16 65 71 94 67 6 68 84 9 27 18 93 88 51 79 56 47 10 62 44 38 20 4 42 26 60 48 39 3 72 36 97 28 33 63 83 77 50 5 82 80 46 90 96 58 22 15 45 0 43 55 1 74 59 40 21 8 31 25 54 81 78 32 19 85 86 61 11 73 91 76 2 53 49 
16 77 27 62 60 1 88 39 79 58 12 57 84 19 11 22 33 23 28 86 32 40 70 50 5 47 42 6 15 68 89 94 71 48 0 18 82 26 44 72 65 8 97 99 17 51 13 81 95 41 46 69 43 53 2 3 74 61 98 38 56 30 45 34 54 49 14 91 67 52 9 63 73 4 93 90 64 85 75 10 83 92 21 37 76 87 55 31 29 66 78 25 80 59 20 24 7 35 36 96 
82 5 47 22 8 10 69 25 18 15 20 99 87 37 28 66 29 65 52 91 44 42 21 54 32 74 94 41 72 27 53 85 7 35 17 81 50 70 86 61 11 36 79 12 62 55 24 98 9 13 77 83 34 95 14 92 88 68 4 2 96 57 31 80 71 45 3 89 64 49 67 6 48 23 33 51 60 78 84 59 46 43 76 90 58 73 0 39 97 40 26 75 19 56 16 1 63 93 38 30 
73 94 61 29 42 51 3 72 64 55 59 40 12 11 17 57 34 14 0 9 39 15 30 2 76 70 1 33 82 79 87 48 93 54 86 5 66 77 97 10 75 28 68 69 78 7 53 92 36 31 56 63 38 52 84 83 27 99 74 46 8 88 81 6 58 96 80 90 85 65 37 23 45 43 44 50 32 24 60 49 26 47 67 35 41 18 71 20 25 22 21 89 98 62 4 13 16 95 91 19 
28 25 88 99 87 44 40 5 36 45 86 30 32 68 13 94 95 74 52 75 10 90 27 47 41 55 33 98 35 22 61 89 34 9 80 53 60 78 31 81 0 84 63 7 17 58 42 67 66 51 91 24 54 20 70 62 96 71 3 64 21 15 48 76 72 73 83 65 8 85 50 16 77 12 26 6 79 39 18 2 46 56 69 23 37 82 14 59 43 93 92 11 97 38 4 57 19 49 1 29 
20 80 4 59 61 0 19 30 37 93 64 8 16 43 35 75 26 57 91 29 12 88 41 34 69 62 22 18 95 71 11 2 73 56 21 78 36 39 46 89 96 7 24 60 23 79 76 31 68 40 14 74 13 6 70 92 17 38 25 10 1 87 84 65 49 33 44 15 77 99 97 50 83 67 82 72 9 3 45 54 98 47 51 27 86 53 58 85 32 28 63 90 5 48 81 42 94 55 52 66 
37 28 73 43 53 72 16 9 12 26 65 8 71 17 10 50 3 42 55 46 87 70 68 18 80 88 6 76 20 59 21 69 13 1 44 34 94 83 32 92 58 78 90 38 4 95 60 0 84 36 19 23 45 89 27 77 5 97 39 67 93 48 22 41 86 47 31 49 56 30 7 64 35 29 96 57 82 81 15 91 25 14 85 62 61 2 79 24 63 51 40 33 99 75 74 54 11 66 52 98 
23 70 88 15 94 35 64 3 14 7 40 25 69 65 56 12 82 8 97 66 85 31 1 30 90 9 27 42 36 16 93 55 92 52 77 98 28 22 89 26 10 24 32 34 63 13 21 41 72 83 95 33 48 73 96 50 5 18 51 45 6 43 58 68 79 86 60 53 57 37 80 17 75 46 11 84 99 59 2 67 38 54 81 20 44 49 74 71 39 91 87 29 0 19 4 62 76 78 61 47 
93 96 95 10 52 28 43 31 50 26 37 62 77 57 81 32 42 72 13 44 18 47 88 5 60 65 58 85 34 38 14 27 63 70 22 71 19 69 89 1 51 41 29 17 55 54 56 64 79 59 67 16 24 98 99 73 83 84 21 68 7 66 92 76 15 9 36 87 90 80 74 82 86 53 6 30 20 11 40 25 39 49 8 2 35 75 3 97 0 12 4 94 45 78 46 33 23 61 48 91 
13 40 27 46 64 54 91 43 78 74 36 24 25 81 61 16 48 15 30 52 62 31 10 72 79 49 29 42 21 73 63 19 58 26 60 85 1 97 11 86 93 95 77 45 3 5 71 35 83 56 96 33 34 76 59 57 37 38 84 53 98 70 94 65 99 44 8 41 82 14 28 47 90 9 68 66 51 87 89 4 32 80 88 2 0 18 12 17 50 69 75 7 67 39 6 22 20 55 23 92 
92 73 83 57 98 3 21 4 61 67 84 94 93 26 18 47 90 32 24 49 76 85 10 46 2 77 17 15 95 75 34 20 55 99 68 89 74 66 58 43 69 0 79 48 63 11 22 50 25 78 39 7 40 31 71 62 33 12 91 54 29 42 52 45 97 80 5 82 27 41 37 72 6 9 28 16 53 60 23 86 8 87 96 81 19 64 30 36 59 56 65 51 35 13 70 88 44 14 38 1 
14 71 23 36 38 72 5 58 8 79 29 16 97 89 6 73 98 84 48 75 12 22 52 57 15 26 63 19 46 56 62 94 67 86 82 85 41 95 32 70 30 0 93 50 74 27 54 49 43 20 64 87 68 90 61 81 80 65 53 66 21 40 18 35 37 83 42 78 2 51 77 55 4 59 92 88 7 99 76 34 96 47 28 25 31 91 60 17 39 1 3 45 24 10 9 69 13 33 11 44 
90 5 12 71 30 21 35 95 44 22 48 81 68 93 91 4 45 42 80 14 60 20 74 9 36 87 39 86 99 23 59 64 53 15 63 58 3 69 49 72 96 43 70 37 2 24 0 28 41 52 85 61 51 77 8 29 11 33 94 88 54 47 40 75 78 10 97 1 65 50 19 79 89 7 92 31 62 38 73 84 34 6 57 76 82 56 17 18 67 25 46 32 66 98 55 13 26 27 83 16 
25 71 57 2 10 29 34 17 26 30 1 4 28 65 98 21 58 53 32 83 31 19 16 46 69 49 9 60 80 27 76 73 84 85 12 93 88 36 18 33 86 37 82 8 11 67 92 44 96 59 62 95 35 64 91 97 3 39 47 75 50 48 99 72 5 90 87 41 54 89 22 42 55 61 7 74 66 79 81 52 45 78 23 56 38 51 20 24 63 13 77 70 14 68 6 94 0 40 15 43 
6 44 18 1 34 49 7 29 97 10 52 82 57 73 26 16 4 48 36 62 86 68 15 77 81 42 55 71 23 92 11 67 54 87 39 78 24 58 83 22 46 63 64 53 0 66 99 37 96 20 84 75 70 5 98 21 76 35 2 65 32 19 61 13 90 59 43 14 30 17 40 9 74 41 27 12 28 95 91 45 47 25 72 88 89 38 3 50 85 93 79 80 31 8 56 60 33 94 69 51 
36 0 53 60 94 61 63 87 78 19 23 39 15 64 67 4 14 93 99 80 92 86 11 32 79 37 74 25 12 6 70 48 16 5 34 26 1 35 57 50 7 95 24 49 43 17 71 96 66 85 69 77 47 18 73 38 91 58 33 72 22 3 75 83 55 9 21 56 59 82 97 20 28 62 40 44 65 10 89 84 29 88 90 68 31 98 46 81 13 45 30 41 76 2 52 27 51 42 8 54 
97 73 28 70 77 54 38 81 63 68 98 41 59 61 58 8 87 27 78 1 64 2 33 45 60 32 18 43 48 85 52 12 34 72 36 76 51 88 95 56 42 16 55 35 3 26 23 83 37 91 31 5 96 79 93 19 67 99 24 69 17 62 4 89 65 14 11 86 46 13 92 0 90 40 47 75 66 71 7 29 20 94 30 9 44 50 21 22 53 57 82 25 39 49 6 10 84 80 15 74 
49 71 66 27 58 50 79 39 7 52 13 40 41 47 42 8 55 14 94 76 68 46 77 92 96 67 82 32 53 35 63 3 11 44 9 87 93 21 56 37 90 25 99 31 29 15 57 89 85 22 72 26 65 95 48 54 69 81 5 61 30 20 38 24 70 23 2 34 86 74 17 43 62 12 33 84 75 59 78 16 10 83 28 51 97 98 0 4 19 36 18 64 1 60 91 80 73 45 88 6 
35 45 3 70 47 42 46 65 21 23 69 10 4 27 80 19 32 30 31 67 96 97 75 93 72 40 89 7 54 6 56 50 91 81 13 55 90 52 73 20 62 59 18 58 22 94 16 61 74 12 24 17 88 5 79 76 95 87 57 85 60 66 86 82 39 34 53 38 43 11 14 99 92 48 0 37 84 36 2 63 15 78 49 1 8 71 77 44 83 29 25 41 28 26 68 51 9 33 64 98 
0 58 73 85 40 60 51 45 99 78 42 20 26 62 29 2 96 25 9 27 34 95 61 81 16 66 11 56 75 23 6 53 52 69 21 91 19 88 5 65 59 70 12 31 83 14 43 89 36 3 50 22 17 54 4 15 77 82 33 32 64 92 84 55 87 47 72 93 10 1 94 48 76 80 63 57 7 90 24 38 71 67 35 86 98 8 13 97 49 46 18 68 74 39 37 30 41 79 28 44 
67 68 91 66 9 25 2 41 46 22 32 69 19 80 83 87 64 78 14 86 93 8 58 29 90 98 21 13 5 65 24 30 76 6 81 44 77 40 45 7 36 62 88 16 73 82 20 34 10 51 96 11 49 71 27 31 79 84 61 54 94 33 47 97 89 0 17 39 70 92 26 1 37 59 3 4 15 99 60 56 48 53 52 74 43 35 18 55 42 85 12 28 72 23 57 38 50 75 95 63 
5 66 75 70 86 80 29 55 11 90 81 53 41 49 36 95 4 92 25 3 77 35 9 2 50 15 68 52 18 56 23 30 87 7 10 47 24 84 40 96 12 33 60 78 42 1 74 54 93 17 64 62 45 73 20 89 28 99 85 43 88 13 44 57 19 6 91 79 67 72 34 39 27 83 71 63 98 59 82 8 58 16 0 38 22 26 46 37 76 97 14 21 69 32 48 31 51 94 65 61 
73 62 38 34 79 71 43 51 21 11 55 80 88 13 59 63 29 91 6 75 30 94 46 9 8 16 32 69 31 90 2 17 70 92 95 83 4 58 49 68 77 99 48 33 72 5 66 54 89 96 0 47 41 27 56 20 12 81 14 93 87 78 85 44 82 50 10 42 28 25 97 52 7 60 39 22 23 40 74 37 65 76 15 61 3 84 19 36 67 64 24 26 45 1 86 98 57 35 18 53 
58 28 82 26 25 88 99 68 51 31 63 22 71 17 90 39 87 59 20 12 89 78 4 56 19 98 80 1 36 32 86 38 49 35 66 64 95 50 54 91 29 14 46 45 27 15 8 0 57 73 67 10 9 34 16 47 55 40 52 93 75 94 61 70 41 60 72 30 13 77 85 62 53 69 24 21 74 81 48 23 6 5 18 43 65 92 42 7 2 76 3 97 83 84 33 37 79 11 44 96 
4 15 36 77 95 13 9 3 58 8 7 30 46 97 99 90 56 12 74 18 32 52 31 1 34 78 14 27 85 55 26 45 35 92 96 54 22 10 86 48 16 0 37 33 17 62 83 82 19 84 73 43 44 53 87 39 24 93 20 80 11 47 29 23 65 66 61 59 98 28 91 88 94 71 5 41 89 68 63 64 75 67 25 42 76 72 57 81 38 50 49 79 70 60 2 51 21 40 69 6 
82 16 23 32 3 80 36 58 31 47 95 34 28 9 0 29 4 35 21 87 55 1 12 27 13 70 98 51 52 20 92 79 45 5 38 19 83 49 22 66 42 30 56 99 39 44 86 14 46 62 81 24 71 96 48 93 17 89 88 77 61 26 8 84 65 43 10 41 18 76 6 64 53 25 59 37 40 7 90 54 91 69 85 75 60 74 97 72 11 73 33 78 15 68 2 94 57 50 63 67 
31 53 35 86 28 70 79 60 51 37 44 23 25 55 33 13 15 30 47 50 93 73 40 68 22 90 4 88 39 18 64 81 19 49 67 5 89 26 24 74 98 82 75 76 59 96 54 65 8 43 92 36 91 14 71 12 52 84 16 27 78 66 29 99 6 1 3 17 87 48 94 20 63 57 38 11 85 46 69 58 45 9 41 56 21 7 72 2 62 61 32 83 97 95 80 34 0 10 42 77 
93 55 80 31 66 3 69 43 57 34 82 64 41 20 67 40 85 25 1 17 0 62 77 90 10 91 28 46 83 18 89 42 44 9 72 4 49 24 30 23 88 6 47 95 37 27 87 54 7 79 86 59 39 8 96 32 60 70 65 36 35 56 68 74 45 53 13 50 26 51 63 99 52 5 73 94 12 71 75 14 19 22 11 48 2 92 58 76 29 98 21 78 81 33 84 16 61 15 38 97 
13 56 33 18 12 92 66 69 99 26 39 93 1 10 74 6 86 3 53 96 64 65 49 59 63 98 88 81 55 85 29 89 72 32 73 91 22 40 52 47 87 83 44 8 25 37 7 76 36 48 31 95 21 84 19 61 94 62 9 35 27 4 45 67 17 20 30 71 97 0 2 54 38 77 14 82 57 75 34 15 43 11 50 79 41 5 46 60 70 68 58 80 90 16 24 42 78 23 51 28 
59 93 13 43 39 62 50 42 52 5 25 61 0 51 57 1 60 24 9 68 91 4 83 6 8 16 7 72 32 94 73 18 97 76 38 17 53 69 34 81 26 23 92 45 95 31 67 77 86 88 90 21 56 41 2 74 89 48 46 10 85 82 11 70 30 40 19 29 80 55 35 15 78 99 12 98 65 28 66 87 96 63 3 33 22 27 54 44 36 71 79 20 58 49 84 14 64 75 37 47 
82 7 15 69 14 80 88 57 56 65 49 70 36 12 37 44 39 85 18 46 53 78 30 84 75 47 66 29 17 1 58 23 31 60 4 51 72 52 67 48 8 97 0 83 74 20 91 62 45 64 73 32 21 35 93 40 79 27 99 19 28 68 11 50 42 96 61 41 25 38 77 34 86 16 6 33 63 24 98 55 43 76 2 5 22 59 92 10 9 26 13 87 90 81 3 89 94 54 71 95 
71 32 86 62 83 37 11 13 87 85 42 64 15 60 27 77 25 43 1 50 57 3 75 24 82 69 54 33 88 48 7 81 4 12 30 93 56 10 23 65 35 45 28 95 8 58 0 51 70 74 19 14 66 76 96 97 9 17 59 55 38 94 40 68 91 22 84 78 49 80 20 39 67 41 36 26 73 44 34 53 79 90 63 52 2 47 21 46 61 99 98 16 29 72 89 31 5 92 18 6 
69 57 26 56 55 24 48 71 98 14 20 44 75 78 21 29 51 31 96 74 47 70 25 8 92 41 79 37 28 1 33 27 89 90 91 94 76 64 63 66 59 85 39 2 99 95 58 34 30 84 19 35 52 81 77 97 40 36 4 53 38 18 15 3 68 45 22 60 16 86 54 67 61 72 11 0 43 80 5 13 65 88 62 87 49 6 73 46 82 10 17 93 12 83 32 42 7 50 23 9 
73 26 85 56 45 17 87 38 90 4 44 65 47 12 61 75 13 14 62 11 7 54 39 35 83 84 63 93 60 46 82 76 25 70 10 9 58 92 20 6 68 96 31 91 22 66 43 32 74 27 80 53 40 67 15 23 0 49 78 30 71 51 97 8 1 33 18 59 19 37 77 79 88 98 41 28 52 81 34 29 64 69 48 55 21 3 94 42 50 24 36 5 99 86 72 57 95 89 2 16 
79 15 11 39 56 7 16 5 66 75 83 18 73 61 25 68 33 26 54 78 19 9 4 89 53 58 51 69 63 28 71 72 6 31 44 92 49 35 86 59 2 84 67 43 99 98 27 10 96 97 23 95 21 3 36 65 85 45 94 13 90 41 22 88 42 30 24 14 93 70 74 46 82 47 64 62 81 48 32 52 1 40 0 91 29 38 20 60 50 77 80 12 57 17 76 55 37 8 34 87 
24 35 79 91 83 92 7 90 78 29 56 14 50 3 57 72 53 96 32 59 27 89 2 9 88 8 20 6 73 36 66 17 23 76 30 93 10 22 74 47 49 64 19 85 77 69 42 45 1 52 31 94 98 34 11 21 41 25 84 43 15 4 48 12 61 81 68 0 46 71 67 38 82 97 16 40 51 5 63 26 99 86 39 28 70 62 65 87 13 80 75 55 60 33 58 44 54 37 95 18 
97 32 61 35 24 30 85 64 26 25 51 17 57 96 37 55 16 5 29 99 21 38 23 71 34 7 4 95 9 62 13 73 69 8 56 22 82 79 2 74 68 76 77 6 33 1 75 54 39 60 65 94 63 0 46 86 52 70 14 98 66 47 20 59 19 87 11 12 80 93 10 27 41 3 45 48 49 18 44 53 28 89 42 83 91 78 67 72 36 40 81 15 43 90 84 58 31 50 88 92 
16 74 46 13 98 82 0 65 35 30 67 41 94 95 38 75 77 52 39 96 19 15 14 81 22 21 97 1 60 62 84 89 49 8 2 20 23 90 33 43 66 9 71 25 17 7 70 76 31 45 48 64 12 47 92 4 18 28 88 87 24 78 56 93 58 57 69 72 61 99 80 59 50 68 54 44 36 40 51 3 85 73 63 5 91 6 42 11 79 10 55 26 37 29 34 86 53 32 27 83 
95 93 24 69 68 60 65 55 14 80 97 43 54 66 5 32 49 18 73 84 45 36 23 85 57 72 98 91 99 33 78 88 26 39 71 79 62 42 4 29 87 44 58 51 92 40 9 22 3 10 34 94 56 77 50 74 27 38 0 16 17 2 7 82 21 46 59 96 30 41 75 53 8 47 19 1 13 61 11 48 70 52 31 15 35 76 89 12 28 86 90 20 64 25 63 37 83 81 6 67 
84 16 78 60 19 33 74 58 48 35 64 47 5 38 96 67 76 20 85 36 66 3 72 61 40 34 10 39 0 52 65 2 80 17 95 93 29 62 30 42 97 37 90 15 86 89 81 23 59 44 21 22 83 73 94 63 6 9 57 71 27 18 32 55 7 12 26 68 43 28 69 99 4 70 8 82 51 50 24 91 25 77 46 14 75 11 1 13 54 45 92 56 41 49 98 88 79 31 87 53 
8 88 47 74 78 60 31 2 19 62 83 11 0 93 82 48 77 40 27 98 22 46 3 36 9 71 50 33 94 18 13 42 86 30 53 34 58 81 32 38 97 79 85 55 99 28 51 41 73 69 37 6 64 90 59 92 89 14 52 23 66 45 95 49 1 25 4 61 43 12 7 67 54 65 21 96 15 70 75 91 72 68 84 80 5 39 35 56 29 16 57 44 76 24 20 17 26 10 63 87 
76 25 86 71 8 22 18 40 42 77 75 59 15 68 9 47 55 4 1 43 94 5 10 38 87 54 82 34 89 69 57 30 14 23 72 91 11 44 41 28 99 93 88 17 19 67 7 58 13 79 33 56 49 96 64 84 62 31 46 90 65 45 39 51 63 74 66 12 80 36 95 29 2 85 27 6 92 24 97 37 83 52 26 73 20 81 50 3 53 60 16 35 0 61 48 70 78 21 98 32 
15 84 91 28 1 13 38 65 63 17 53 67 49 87 11 69 58 77 74 73 33 0 79 21 51 72 39 35 90 92 80 60 55 37 32 7 12 83 24 25 5 59 50 86 34 3 89 95 64 29 75 48 47 27 30 88 18 66 99 54 9 97 93 22 43 10 20 14 94 78 40 4 85 2 62 23 56 98 6 41 70 36 52 61 46 76 26 68 71 96 16 42 31 57 8 81 44 45 19 82 
89 71 94 66 59 80 78 76 79 68 48 29 32 27 20 5 96 9 41 35 88 15 22 31 11 45 46 74 44 0 67 64 25 36 2 73 75 34 85 30 21 77 33 19 23 42 6 28 12 38 69 10 53 91 50 1 93 86 92 72 81 54 52 3 63 99 62 90 18 70 47 7 24 57 14 39 95 97 60 98 83 61 13 37 84 49 56 26 8 4 43 55 58 65 51 82 40 16 87 17 
63 7 26 95 46 64 0 41 84 29 30 78 38 66 2 94 83 81 56 70 27 15 57 75 34 43 18 59 6 45 25 14 99 79 53 49 36 48 42 65 85 58 62 13 89 69 61 67 22 44 17 77 97 1 87 92 54 39 82 72 80 98 21 9 74 37 40 35 24 5 20 4 8 55 86 10 16 60 73 90 76 3 91 11 32 52 23 31 28 68 33 71 50 47 12 96 88 93 19 51 
89 14 43 20 29 63 96 16 59 2 57 82 5 13 78 92 21 98 66 45 36 19 81 52 76 58 86 75 46 25 80 40 55 64 91 48 23 79 30 10 73 65 95 77 62 88 6 72 32 34 18 26 15 70 84 35 4 42 11 38 68 83 33 61 27 94 12 74 71 31 60 54 53 1 56 0 9 37 24 3 87 99 85 17 7 8 28 93 41 67 97 51 47 22 44 39 69 49 50 90 
74 10 20 86 90 22 73 71 49 39 65 83 3 35 27 5 76 91 47 58 2 7 84 63 89 70 40 56 97 34 38 42 50 31 43 12 37 88 6 9 52 30 69 25 44 98 64 48 41 15 4 19 21 33 11 36 16 92 80 45 54 87 67 51 95 81 60 1 8 77 0 99 26 79 14 62 24 18 85 72 55 59 32 82 29 46 68 96 94 28 53 23 75 13 17 93 61 78 57 66 
55 19 33 98 61 35 87 41 88 69 6 75 73 20 89 79 15 39 37 91 0 56 77 57 24 66 62 81 54 52 36 8 68 78 47 11 64 4 59 94 63 70 60 21 16 44 46 2 48 27 43 3 10 1 49 53 50 26 12 34 31 29 58 97 71 40 95 90 76 80 30 86 93 67 18 84 22 96 32 65 23 17 82 7 38 25 83 85 14 28 9 51 13 72 99 92 74 45 5 42 
78 55 14 96 56 71 25 47 84 60 5 59 6 31 88 2 17 29 50 8 27 90 61 94 21 44 75 95 67 26 11 54 73 45 58 37 18 51 69 80 91 35 23 36 24 79 12 7 81 10 3 66 83 53 82 33 4 92 86 39 20 13 30 9 19 40 49 64 15 16 32 89 0 1 68 38 65 87 72 85 52 98 63 43 46 99 48 70 41 34 28 22 77 57 76 62 97 74 93 42 
91 99 36 79 86 98 78 53 65 84 2 75 39 18 67 94 82 46 74 85 70 73 54 7 4 63 31 81 83 55 76 40 26 47 0 62 24 72 56 15 69 61 80 58 13 8 11 5 45 16 14 32 57 6 3 42 23 37 35 19 92 27 95 22 33 28 12 93 88 44 71 38 90 96 9 25 29 34 52 20 1 87 89 43 41 66 21 97 68 30 48 77 10 51 49 59 60 17 50 64 
52 35 8 28 49 56 0 71 75 74 67 78 2 57 42 66 39 80 1 40 64 59 18 6 17 85 12 33 48 11 5 60 21 31 29 76 89 51 58 14 69 20 30 38 19 7 97 45 86 50 23 95 81 25 26 54 73 90 94 41 43 87 46 98 55 92 36 9 24 79 44 13 72 22 82 65 93 62 37 32 84 15 63 27 53 70 91 3 96 4 10 61 83 68 47 88 34 99 77 16 
31 74 82 73 14 21 0 24 95 99 41 60 37 68 6 30 66 11 7 97 48 46 19 36 59 63 44 83 61 40 45 53 29 47 9 70 3 90 76 96 4 8 23 72 75 67 86 16 25 39 20 93 38 65 89 64 79 54 1 81 26 85 12 91 18 71 87 27 51 10 5 50 33 92 43 80 62 78 42 35 15 77 57 52 17 13 49 98 94 55 22 34 58 2 28 69 84 88 32 56 
37 29 99 71 34 6 58 47 21 11 79 78 44 13 7 81 51 60 96 74 25 89 30 63 48 22 98 97 85 0 84 49 86 92 64 75 91 52 72 53 20 35 95 33 82 32 28 90 14 69 2 38 19 3 1 54 94 87 88 4 70 59 45 42 9 50 12 83 8 26 40 31 65 80 23 68 73 27 5 41 18 67 24 93 57 17 76 46 61 36 16 39 43 62 15 77 10 55 66 56 
8 18 37 40 31 9 45 85 34 55 83 47 59 81 38 12 70 62 30 51 26 21 2 69 60 43 87 52 63 61 57 68 90 6 99 89 42 50 84 13 10 17 82 3 23 48 78 27 97 74 35 0 15 1 54 32 41 65 98 58 46 24 20 86 95 44 22 71 92 88 73 25 66 36 75 77 11 56 49 7 29 79 19 16 64 28 91 93 80 39 4 5 94 67 76 53 14 33 72 96 
73 48 30 65 42 64 40 18 31 10 14 26 35 45 19 23 93 49 53 58 59 84 21 43 83 78 71 25 95 67 60 22 28 80 20 4 66 74 99 89 38 41 3 79 70 52 72 86 8 12 27 88 61 57 55 1 56 97 51 87 29 13 44 92 6 76 81 77 11 34 32 69 54 50 16 63 85 96 5 15 62 91 46 94 39 24 82 68 0 47 17 33 9 37 75 7 90 36 98 2 
48 21 8 89 13 79 53 70 35 19 20 59 46 58 23 1 93 0 92 71 10 25 82 51 72 37 88 4 57 49 3 74 14 11 60 83 42 40 84 99 29 22 95 87 75 68 73 80 36 76 32 7 15 54 30 66 91 50 85 45 61 78 97 39 6 27 64 43 9 94 56 81 96 55 65 67 47 52 18 2 41 44 63 17 69 5 12 62 33 31 26 28 16 98 86 24 34 38 77 90 
20 35 39 59 97 19 7 92 62 79 73 21 26 38 43 98 11 67 16 36 58 10 96 41 33 0 78 1 12 27 64 25 17 49 6 91 61 56 99 76 89 34 71 57 84 30 74 8 3 51 54 60 86 18 68 53 88 94 70 40 48 82 90 45 13 66 28 80 22 85 44 63 50 95 32 9 83 69 15 75 72 52 14 2 65 93 46 24 23 31 5 47 81 29 37 42 4 87 55 77 
8 17 55 2 88 83 49 48 65 85 73 20 7 61 54 40 14 72 81 19 56 33 29 75 68 82 36 71 3 34 16 64 80 30 90 11 35 57 42 23 86 84 50 26 98 79 87 10 27 93 60 95 13 52 74 5 1 66 78 51 94 59 96 25 91 31 77 67 24 45 12 53 44 62 43 37 0 89 18 21 63 99 28 41 32 70 92 58 47 76 39 38 69 97 22 15 4 9 46 6 
22 37 47 9 67 93 74 29 57 26 39 45 95 62 12 33 16 36 50 75 52 69 15 90 53 54 0 14 51 43 2 84 46 86 4 64 31 83 98 30 49 44 24 6 60 78 88 92 65 55 13 91 76 34 68 40 42 71 56 21 59 66 10 81 20 1 5 63 94 8 89 58 41 70 35 3 99 61 32 25 27 18 73 19 38 80 72 11 97 17 96 48 23 77 87 7 82 85 28 79 
5 28 86 79 62 49 22 67 26 37 11 48 75 45 44 68 69 65 46 8 72 20 83 82 84 77 35 33 88 29 87 63 23 95 27 15 70 80 43 10 60 30 59 40 16 54 99 39 19 81 85 89 17 57 52 64 4 61 41 24 32 53 7 12 73 78 34 93 13 18 14 47 9 2 31 1 94 58 76 0 71 6 90 74 96 97 98 42 21 3 38 51 92 36 50 66 91 25 56 55 
6 71 91 79 73 4 45 85 37 89 68 16 49 8 83 39 82 13 67 58 54 97 69 25 86 77 24 40 34 1 7 0 12 2 59 19 56 80 20 48 32 35 5 23 94 11 15 74 66 21 51 43 96 31 60 98 46 65 41 53 55 29 99 61 22 64 42 18 90 47 81 78 27 62 44 30 36 26 14 75 72 63 33 93 84 92 95 3 10 38 76 70 88 17 9 87 28 57 50 52 
82 6 68 64 57 49 22 80 90 54 10 32 43 92 37 81 71 28 17 34 38 63 59 95 84 31 79 16 26 94 15 25 97 72 50 2 74 56 73 89 65 5 76 21 78 52 35 4 53 75 12 18 93 83 41 55 42 87 39 9 46 14 67 47 40 30 29 99 23 66 60 88 51 19 44 11 0 27 8 85 24 62 77 61 48 96 3 69 70 36 33 7 58 98 45 1 86 13 91 20 
94 18 67 97 80 54 60 72 39 62 81 21 1 75 57 95 55 74 24 4 37 11 77 90 27 20 6 25 42 48 58 40 33 99 79 32 89 68 7 93 14 8 38 19 50 0 34 13 52 59 45 12 44 70 9 31 26 51 69 83 23 49 41 78 86 65 29 85 15 98 43 3 47 28 87 64 92 84 53 35 61 88 96 56 91 66 46 63 5 22 30 71 76 16 73 82 10 36 2 17 
97 43 74 66 81 85 86 55 83 16 50 45 28 71 88 25 44 42 73 21 15 47 62 10 75 24 33 18 72 17 37 38 69 84 32 30 54 1 52 51 0 68 5 98 93 12 23 53 39 34 6 31 9 92 87 58 89 11 78 46 41 20 14 82 7 70 95 4 59 26 67 2 19 13 29 22 35 61 60 57 40 49 79 76 91 8 80 90 27 94 96 99 65 48 36 64 63 3 56 77 
45 47 12 13 38 24 50 66 42 60 20 70 90 97 62 59 18 36 74 65 11 41 5 83 49 61 7 1 21 89 32 69 75 25 53 86 14 46 91 63 8 71 73 48 19 92 26 30 99 64 67 0 55 16 43 96 37 29 95 79 52 82 40 76 51 39 6 27 23 56 3 94 58 78 2 72 77 22 17 34 93 9 15 80 35 84 81 31 10 57 44 87 85 88 28 54 4 98 33 68 
14 63 8 22 99 68 57 83 30 27 23 58 98 32 5 38 64 96 86 94 84 65 26 29 70 79 24 60 89 28 19 66 53 1 44 85 49 77 4 80 35 37 12 51 69 39 6 3 95 7 54 15 47 9 73 40 81 11 31 92 48 74 93 18 67 20 88 33 52 87 59 36 13 41 2 25 61 45 43 78 62 56 82 72 71 34 0 76 91 90 46 97 16 17 42 10 75 55 21 50 
82 11 93 83 98 22 51 6 26 2 39 95 31 46 81 75 60 53 19 54 55 64 87 41 18 32 97 43 10 12 42 58 63 85 96 40 52 65 68 79 17 13 57 33 38 29 14 91 70 73 1 21 62 34 84 90 92 20 49 78 56 9 89 5 0 76 77 15 30 48 72 80 35 3 86 44 37 94 36 16 59 23 67 99 45 69 24 25 7 4 61 71 50 28 74 47 88 66 27 8 
74 34 28 11 71 19 86 44 79 84 18 31 2 55 57 12 35 65 58 98 7 93 37 0 48 43 59 10 80 64 22 5 75 9 20 77 97 83 51 70 66 45 38 73 4 40 6 53 60 1 52 41 13 23 67 42 36 17 27 29 76 54 72 15 3 25 96 46 47 85 49 82 87 32 26 68 33 14 50 92 90 63 39 30 89 88 61 69 24 8 56 21 78 62 91 16 94 81 95 99 
71 5 65 80 91 94 8 58 92 98 42 67 24 9 57 55 78 83 7 56 39 0 81 88 96 59 53 34 77 64 30 10 17 61 82 52 13 70 46 49 66 60 22 20 84 47 87 73 26 33 95 51 36 41 37 85 79 89 31 12 29 18 45 43 68 23 40 38 4 16 11 48 2 6 74 27 28 50 21 14 25 75 62 93 44 69 19 3 86 90 63 35 1 76 72 15 32 99 97 54 
12 89 29 73 49 33 55 63 40 11 98 61 78 25 18 72 80 85 30 42 76 90 75 86 60 0 99 43 24 91 13 41 54 2 53 10 8 22 59 35 50 93 27 88 62 96 37 65 64 9 81 51 82 77 79 5 7 32 38 23 36 68 66 39 3 34 44 14 97 92 20 21 70 19 48 4 45 87 69 46 94 26 17 95 6 28 74 56 31 67 15 57 84 71 1 58 47 16 83 52 
81 60 15 97 6 61 37 29 77 12 62 87 89 74 39 91 79 34 51 46 64 10 90 53 8 40 66 18 92 99 16 35 49 28 72 88 21 98 73 25 68 54 85 42 31 50 17 80 63 20 14 44 84 69 43 55 70 75 0 33 9 5 71 47 96 24 2 93 76 7 59 11 57 26 22 36 56 3 30 78 48 52 27 19 86 95 67 32 58 4 65 13 94 82 45 41 83 1 38 23 
64 29 39 12 30 74 59 7 83 69 28 49 91 63 73 90 79 50 82 93 43 77 94 67 31 47 76 42 35 37 60 95 22 21 98 13 6 2 80 75 66 23 78 11 14 0 26 55 58 20 10 36 15 38 85 40 96 84 5 24 18 68 81 99 89 88 46 16 32 71 62 33 48 1 86 27 97 25 9 70 8 65 17 57 87 51 72 56 45 41 53 34 44 52 19 61 3 92 4 54 
79 8 76 13 17 16 5 52 98 67 72 15 31 56 94 7 45 23 19 53 63 89 20 24 29 38 59 71 39 77 80 91 81 57 88 43 41 84 92 47 33 66 60 50 61 51 30 55 73 99 42 22 25 11 1 75 49 97 87 74 10 26 6 54 65 69 58 14 40 96 62 68 85 21 90 95 48 70 27 18 34 35 93 83 4 32 9 2 46 28 82 86 3 37 12 64 78 44 0 36 
39 19 29 40 89 6 66 12 72 91 25 87 20 84 45 47 90 27 96 46 8 13 10 53 56 30 48 67 54 1 24 16 4 70 31 58 64 94 75 5 21 15 85 61 57 14 2 88 80 34 81 86 7 23 18 77 60 63 22 50 59 74 41 37 52 3 0 83 51 92 76 35 33 79 43 17 38 9 11 42 69 82 36 99 73 71 32 49 78 65 44 95 98 26 28 97 55 68 93 62 
53 99 10 43 60 35 41 61 19 18 96 32 62 44 27 80 48 91 77 63 65 71 86 54 98 39 42 1 0 92 83 90 58 25 26 40 16 15 51 33 82 78 24 3 37 93 79 9 14 2 11 31 17 6 67 50 38 5 47 55 12 87 29 88 20 95 56 84 4 7 69 85 75 72 97 36 76 13 28 30 59 46 22 73 57 89 49 21 81 8 66 94 70 74 34 68 52 23 64 45 
73 61 85 41 93 51 19 43 13 57 52 64 4 40 50 23 34 81 47 68 91 63 97 88 0 95 78 15 66 56 17 2 98 32 65 76 29 77 80 71 82 45 70 53 86 3 99 79 31 72 62 67 48 74 36 16 90 8 75 60 28 5 11 6 9 33 18 84 1 10 14 21 94 69 20 35 55 39 30 87 49 24 89 44 96 54 38 92 59 58 25 42 7 83 37 27 46 12 22 26 
67 26 75 43 50 63 73 89 30 96 9 66 14 48 31 10 90 2 76 39 80 61 70 78 91 94 81 87 71 40 83 54 72 74 84 0 17 11 46 98 24 6 29 64 22 8 13 35 82 58 62 38 3 93 77 20 19 85 36 45 69 18 1 88 41 60 55 99 95 68 16 33 42 51 5 28 23 56 7 49 15 27 21 34 44 32 65 59 4 37 25 57 79 97 53 86 47 52 12 92 
