1 76 59 43 79 47 41 14 58 54 3 51 32 57 72 45 62 17 77 63 99 25 94 16 93 46 39 42 66 73 13 60 0 81 82 36 91 69 8 6 78 97 64 21 18 10 40 70 75 83 37 90 24 35 29 34 22 98 30 28 96 23 27 85 56 2 74 33 38 5 80 50 92 68 52 88 67 20 9 31 84 11 15 19 95 55 12 44 61 71 65 87 89 49 48 4 53 86 26 7 
5 67 39 94 36 80 31 37 3 51 60 22 65 55 10 68 20 74 97 45 88 29 46 38 42 81 86 50 11 75 83 7 26 34 43 89 23 85 84 44 32 4 48 90 17 92 64 41 15 28 59 66 6 12 52 63 98 91 14 16 25 53 30 58 18 87 54 61 47 0 69 13 19 56 72 24 82 40 77 49 57 62 73 76 1 95 71 27 93 35 96 9 70 21 2 33 78 79 99 8 
25 62 18 83 8 72 64 44 38 73 41 97 59 80 6 60 3 99 92 53 77 46 67 5 26 70 40 56 19 43 12 63 16 11 47 88 65 66 58 86 31 75 82 57 51 48 52 9 35 42 37 54 22 34 7 36 1 27 89 2 98 93 94 61 21 78 29 71 90 28 39 87 74 55 68 33 95 76 4 17 24 79 84 0 14 23 50 45 85 13 20 49 81 32 91 30 15 10 69 96 
69 94 1 53 46 48 98 91 9 73 11 72 25 28 56 43 64 26 86 51 54 42 90 82 87 20 41 24 76 4 0 45 10 96 32 60 93 36 59 66 30 35 80 49 83 78 38 85 22 99 52 95 92 89 34 12 77 68 14 74 3 84 8 31 6 18 16 40 47 63 33 21 55 44 13 7 97 2 37 75 62 88 29 70 27 79 61 71 39 5 19 65 17 81 15 58 23 67 50 57 
19 55 3 7 62 46 36 2 95 93 35 18 38 32 79 72 65 27 0 60 25 31 11 91 12 99 61 80 8 51 98 30 57 66 53 54 77 88 13 47 68 20 58 22 48 28 44 63 21 43 45 83 90 9 34 41 94 78 33 85 29 73 97 16 74 5 17 75 37 23 6 67 69 81 71 52 87 84 4 92 64 42 26 82 96 15 10 70 39 14 24 40 49 50 76 59 1 86 56 89 
61 65 40 20 30 72 34 2 86 13 23 79 18 76 92 41 29 77 1 15 53 80 8 60 70 55 66 32 45 0 31 82 67 64 91 11 69 83 74 6 96 62 56 89 63 28 57 94 22 46 54 81 90 78 44 87 59 36 97 48 43 51 47 24 85 9 93 50 42 27 26 33 71 12 19 21 84 14 99 68 16 39 88 3 37 49 4 75 58 95 25 98 5 38 52 73 35 10 17 7 
19 46 49 0 74 62 50 79 8 66 91 2 12 41 99 55 18 75 63 21 43 34 20 59 4 70 98 97 95 23 45 86 80 44 40 37 5 42 76 24 77 64 31 60 83 57 90 39 93 33 22 47 73 17 58 54 14 35 11 87 52 78 48 36 9 96 15 16 3 67 56 10 51 84 92 71 69 53 29 81 13 61 26 82 30 6 25 38 89 7 85 88 65 94 28 32 27 1 72 68 
56 65 9 16 78 96 98 23 40 89 81 49 29 12 42 71 35 95 82 48 19 15 14 62 21 94 25 34 27 39 46 22 0 70 72 2 55 20 54 76 50 44 68 45 18 74 4 63 75 26 85 67 53 13 41 60 90 28 69 92 97 83 86 17 33 31 10 8 6 32 59 47 64 36 66 30 61 38 43 84 5 93 91 80 77 73 52 24 51 88 57 79 58 7 11 99 1 37 3 87 
76 3 90 81 62 51 17 6 36 46 11 44 9 39 12 80 68 67 1 38 31 40 75 61 0 99 33 21 25 72 96 5 10 88 42 45 85 50 16 77 32 71 82 23 91 4 43 8 15 41 29 86 48 70 22 65 57 54 28 63 27 92 59 83 35 95 7 98 47 34 97 56 30 13 24 94 52 49 58 84 87 74 89 66 2 14 79 93 20 55 69 37 26 19 78 18 73 53 60 64 
49 74 43 88 86 51 55 20 82 93 69 85 75 54 77 21 31 26 17 89 15 56 42 6 91 80 5 73 9 44 48 27 4 8 0 97 29 84 68 87 98 63 16 62 76 41 57 71 36 99 7 78 50 2 13 58 11 40 37 45 32 60 79 64 23 96 72 66 67 34 65 28 35 94 81 14 18 83 24 39 33 38 12 47 22 1 19 10 46 90 53 70 52 30 92 3 25 59 95 61 
21 89 80 81 20 11 28 50 86 62 90 5 55 61 12 3 17 36 93 66 68 24 47 51 95 34 85 77 10 91 48 53 44 70 2 69 0 16 26 7 18 41 33 52 9 71 78 76 37 22 30 64 39 54 98 75 38 88 67 87 31 19 65 42 99 92 8 79 27 96 4 1 45 40 60 58 63 25 72 43 32 56 84 82 23 35 15 74 59 73 49 29 83 57 6 46 94 13 97 14 
76 55 14 62 18 19 21 67 66 77 0 79 72 49 89 69 74 35 45 84 90 22 5 37 51 63 4 81 46 44 97 36 53 31 2 59 23 28 96 98 64 75 7 25 39 86 38 15 48 42 12 91 68 82 43 65 61 78 20 52 41 88 24 17 83 70 50 29 93 54 30 99 9 10 85 3 80 56 33 87 94 58 13 8 57 71 1 16 40 60 11 47 6 34 27 95 32 26 92 73 
15 79 39 31 34 81 56 17 82 27 32 64 42 28 78 49 68 18 16 35 2 89 60 85 3 63 4 53 12 57 7 40 71 5 30 74 84 20 67 55 0 93 77 92 69 25 72 46 22 21 41 98 23 47 52 37 91 88 58 26 9 1 59 94 70 24 80 90 14 10 38 54 29 96 19 76 33 65 51 75 99 83 43 13 50 6 44 87 11 61 97 66 45 48 86 73 36 62 8 95 
58 34 53 8 51 75 37 71 63 2 22 68 55 20 29 36 23 25 5 32 14 47 80 31 97 33 93 83 15 24 16 87 84 59 61 21 62 42 11 57 46 45 3 17 0 18 10 86 56 19 96 9 4 79 54 13 69 50 39 90 74 26 70 49 99 48 76 85 30 81 27 43 94 78 52 12 66 41 60 77 65 1 38 91 88 89 92 64 72 44 40 28 82 6 67 35 7 98 73 95 
85 60 17 71 45 87 80 88 14 35 31 40 97 22 20 16 41 63 33 54 90 95 57 73 66 15 26 69 0 49 32 47 58 25 23 84 75 6 56 48 43 94 27 24 92 96 79 19 13 61 51 82 76 44 59 86 4 2 78 10 28 12 55 67 38 9 3 21 1 18 37 74 53 99 77 29 52 64 72 46 83 68 34 65 39 91 5 11 62 81 98 50 70 30 8 36 89 7 42 93 
31 34 19 39 42 51 11 2 1 37 66 10 73 97 77 75 57 76 88 16 32 28 22 95 90 4 36 78 50 12 46 29 53 59 44 87 40 92 55 3 13 61 24 27 56 33 99 84 49 71 98 45 7 70 9 30 62 58 82 64 25 48 14 21 8 18 83 69 85 86 94 79 80 63 81 6 60 93 41 89 68 38 47 17 91 15 52 74 35 20 43 96 67 54 65 23 0 5 26 72 
21 16 18 98 53 49 28 52 32 8 0 77 40 4 23 58 12 20 82 42 35 54 96 90 62 93 84 44 46 83 11 94 38 70 75 73 55 27 48 36 95 80 15 31 33 17 2 1 56 85 87 89 9 79 5 10 64 41 6 43 34 74 19 91 88 47 30 68 61 78 13 24 26 81 22 29 25 7 37 92 39 59 86 51 14 57 67 99 60 97 69 76 66 45 63 50 65 71 3 72 
83 55 70 47 25 61 12 28 8 11 33 68 67 59 62 74 40 93 51 24 96 37 63 5 64 54 97 20 92 90 42 89 9 52 98 36 71 45 99 91 0 88 87 10 14 84 19 69 48 2 50 56 44 15 7 21 32 60 65 76 30 79 80 17 73 31 35 58 81 3 57 85 16 49 22 95 86 18 82 66 43 4 46 75 78 72 53 6 13 34 94 77 39 23 38 41 26 29 27 1 
59 22 38 40 36 62 30 45 5 92 99 82 72 96 32 9 53 39 94 69 8 54 10 65 1 13 15 7 14 17 63 67 97 11 0 31 44 85 78 19 73 56 60 68 57 79 66 6 58 34 27 28 42 75 84 51 81 83 3 98 89 50 20 95 33 16 49 90 64 24 77 18 29 48 37 21 47 25 61 55 70 88 26 2 52 71 76 87 93 35 41 80 43 23 46 86 12 74 4 91 
79 23 5 46 51 20 28 58 36 3 59 34 77 76 92 27 87 88 31 85 86 38 0 49 69 45 67 74 78 22 39 95 43 75 64 18 44 2 80 25 42 84 91 82 6 15 41 71 33 53 96 10 7 94 98 14 32 19 60 56 21 4 65 72 63 11 40 35 54 57 37 50 8 17 62 61 29 99 9 1 26 81 97 13 52 89 83 24 48 90 16 12 68 73 55 30 70 47 93 66 
88 5 68 30 77 25 96 19 97 2 10 71 12 70 21 23 22 42 76 48 44 29 55 36 46 58 60 95 50 78 6 59 7 38 0 80 40 63 49 93 37 28 85 3 16 31 27 24 92 9 1 73 13 74 87 90 83 67 89 61 53 91 72 81 64 82 51 75 69 34 98 57 32 35 8 86 52 56 54 17 15 47 62 65 99 14 43 41 66 39 94 79 11 45 26 33 20 4 84 18 
38 41 81 35 33 29 47 43 55 32 25 76 84 48 5 60 65 16 44 70 77 28 50 17 57 0 97 53 30 52 59 11 34 75 42 62 90 86 22 18 54 82 63 67 94 91 85 12 14 10 15 23 98 73 83 8 9 92 26 1 96 87 27 89 45 61 51 58 74 21 95 68 3 13 64 78 6 40 56 46 24 69 99 72 36 88 19 93 66 80 31 37 39 71 49 7 20 79 4 2 
45 94 58 93 28 18 52 14 15 66 47 53 46 86 38 83 74 50 63 17 89 9 33 41 13 43 19 67 92 39 78 98 84 57 56 68 82 80 69 12 3 30 32 20 71 8 64 55 35 85 21 49 60 44 72 37 10 62 11 31 16 96 1 77 0 87 23 79 91 48 76 51 59 40 2 61 36 54 42 81 75 29 5 27 97 90 4 70 88 73 34 65 26 25 7 6 95 99 22 24 
56 44 45 86 38 85 89 9 99 16 52 87 66 40 34 8 4 88 35 29 75 18 42 37 90 93 62 49 98 96 24 65 5 22 55 80 48 11 82 6 94 2 36 15 19 53 50 73 91 68 59 12 30 1 83 21 57 31 39 70 97 41 69 43 79 32 63 61 3 23 84 77 27 95 33 17 54 26 58 20 14 28 13 0 7 46 72 76 81 51 71 10 67 92 74 47 64 78 60 25 
24 10 2 6 83 66 13 57 58 63 46 47 39 52 3 55 30 40 72 33 44 14 1 26 12 95 56 50 0 73 4 45 89 60 51 75 23 84 41 76 91 32 70 97 92 69 65 86 43 90 17 82 64 48 78 19 88 38 74 80 31 85 36 37 27 5 96 34 9 59 18 25 8 99 77 7 49 21 87 11 54 71 16 29 53 81 15 28 35 68 20 67 22 79 93 94 61 42 98 62 
24 96 98 38 2 28 64 30 73 85 47 17 68 83 81 27 87 1 88 69 58 72 43 42 52 59 67 39 57 54 65 45 26 0 3 77 51 19 82 10 12 4 40 15 48 6 9 90 41 33 97 71 78 32 80 35 62 25 5 23 16 22 63 61 13 84 70 14 37 7 34 94 11 55 79 74 53 93 8 20 46 86 29 91 66 76 18 31 92 89 56 44 95 75 99 21 36 49 60 50 
79 27 93 35 92 97 49 43 56 68 34 26 1 41 7 63 96 55 29 60 14 24 51 30 90 71 4 48 83 72 9 21 45 89 61 81 62 37 87 46 53 95 64 84 25 74 3 0 12 82 23 28 85 66 15 59 91 54 69 77 47 70 65 33 16 39 31 10 44 18 17 40 73 94 13 42 76 58 19 20 32 8 11 5 22 52 98 99 38 36 88 78 80 2 75 50 86 6 67 57 
28 5 80 46 9 99 69 17 64 87 86 63 21 47 71 40 48 24 92 88 50 65 93 84 70 81 1 95 94 38 15 61 58 42 2 83 43 75 11 45 35 73 32 89 76 22 4 6 31 98 90 18 79 59 25 36 67 41 3 82 33 20 14 53 52 97 39 68 29 57 96 55 78 44 23 91 66 8 19 77 72 30 27 7 26 54 0 16 51 74 10 62 37 60 49 85 56 34 12 13 
39 59 45 79 58 18 11 19 96 50 91 5 36 86 81 2 78 92 64 14 29 9 6 7 80 13 31 44 95 25 94 74 82 49 65 61 68 55 53 4 15 20 32 75 41 93 30 0 26 17 33 85 38 88 34 56 70 10 21 47 83 77 23 24 97 35 51 16 90 87 1 66 60 48 8 42 3 22 40 67 27 99 37 52 28 54 73 46 63 72 89 71 84 69 43 62 98 12 76 57 
23 97 67 50 40 87 92 73 13 1 28 24 59 30 27 29 98 75 19 68 36 96 89 91 22 65 44 60 61 21 64 63 6 90 46 49 77 7 62 25 20 51 88 72 56 93 5 39 17 0 55 8 85 84 4 35 71 31 69 45 18 76 83 79 3 82 53 41 16 32 54 10 42 52 99 12 43 38 74 58 37 15 66 48 94 14 2 9 95 26 70 86 57 81 78 80 47 11 33 34 
46 47 43 37 40 13 14 72 82 18 9 80 39 98 94 5 65 33 41 66 75 8 90 29 62 86 58 85 49 28 23 56 38 26 69 67 17 63 4 79 89 32 71 42 95 96 20 73 48 53 51 84 64 16 59 83 22 68 2 36 7 70 25 19 15 52 57 60 44 6 34 24 45 3 54 92 21 55 1 76 27 74 97 99 30 10 87 50 77 61 0 81 93 91 31 35 12 88 78 11 
33 48 16 82 31 50 4 59 42 53 21 20 97 8 28 37 76 3 23 47 29 14 90 69 63 57 34 55 9 77 10 38 36 92 46 99 71 91 74 17 39 78 85 35 60 13 93 64 72 15 73 44 70 49 81 83 86 24 22 96 88 68 43 65 56 61 40 5 51 45 62 19 58 7 11 0 67 95 26 25 54 75 2 52 94 41 80 66 6 32 89 98 87 1 79 18 12 30 27 84 
34 87 28 74 13 84 81 53 80 76 99 43 44 63 12 6 39 55 16 40 48 0 21 92 49 96 32 61 52 14 77 91 37 1 10 70 59 3 98 73 33 41 65 4 82 17 58 78 30 8 68 51 69 23 66 90 71 25 67 54 19 31 94 35 47 50 86 97 11 64 85 22 7 72 5 56 20 60 89 95 2 57 38 79 62 36 9 75 26 27 15 18 83 29 45 93 42 46 24 88 
23 46 75 66 67 42 21 62 99 1 7 50 87 27 31 43 30 29 41 13 48 17 25 9 95 34 0 36 74 94 19 84 10 5 58 57 52 68 86 40 91 47 96 38 59 51 49 77 26 73 60 89 92 85 72 93 82 53 28 39 76 35 20 18 69 22 83 65 78 44 80 79 97 61 56 70 54 14 2 6 37 12 98 4 64 45 33 16 88 81 71 24 63 8 11 90 32 15 3 55 
30 38 7 63 44 89 52 35 72 69 22 68 17 83 2 75 55 54 41 10 4 45 57 64 94 87 71 47 1 46 92 18 5 79 24 6 65 60 8 21 88 58 9 51 23 66 97 59 95 16 29 74 96 13 36 73 28 86 56 78 25 99 49 12 3 32 90 20 67 62 81 98 70 34 82 0 11 37 85 80 84 76 27 19 15 39 31 61 43 91 48 40 14 50 53 93 42 26 77 33 
8 32 80 55 77 21 71 45 42 20 31 3 41 68 48 93 27 47 85 6 75 69 86 59 50 5 91 70 97 82 57 37 23 81 92 15 40 89 74 58 18 51 65 1 62 90 53 56 22 94 72 17 78 98 43 61 76 66 16 10 19 95 63 13 87 84 33 79 88 0 96 44 64 26 38 4 2 14 73 28 29 49 34 36 46 99 54 9 39 52 7 30 60 25 67 11 83 24 12 35 
42 0 6 71 15 40 18 2 76 5 55 63 90 80 75 52 23 38 66 44 48 94 9 74 53 67 28 33 11 79 7 84 30 34 61 88 60 56 81 49 1 98 82 17 73 83 21 68 25 72 12 16 65 51 99 77 35 43 41 91 95 20 59 13 26 14 58 70 8 78 4 3 57 29 19 86 32 27 97 31 45 62 39 37 47 92 93 96 50 10 54 69 22 64 89 36 87 85 24 46 
55 63 7 93 80 83 45 23 67 50 71 78 94 28 38 74 25 89 33 27 91 18 85 65 48 42 51 11 34 99 40 98 29 26 31 5 3 20 47 32 30 0 58 24 49 16 73 37 15 10 75 17 13 72 90 6 43 97 79 35 68 2 95 1 61 22 96 4 82 52 64 81 92 69 12 59 36 46 8 60 21 57 66 9 41 62 84 14 86 53 19 39 87 77 70 88 44 56 54 76 
78 17 45 10 62 3 52 72 90 9 99 2 0 35 48 16 63 83 27 81 28 77 36 74 6 5 97 42 70 23 14 31 19 51 73 92 96 50 18 15 98 40 82 1 26 53 20 60 21 75 64 54 22 47 24 38 95 8 85 57 29 93 37 33 11 34 69 58 71 89 41 59 49 88 65 32 61 25 43 94 7 30 44 68 39 66 4 79 55 13 46 76 80 91 12 67 87 56 84 86 
69 6 26 30 32 51 10 44 59 55 39 61 56 79 64 71 73 92 89 53 12 8 88 98 27 19 23 9 0 87 22 57 48 74 16 70 78 54 5 38 94 31 42 35 49 82 52 3 34 4 43 67 21 7 58 60 99 18 24 17 84 93 63 66 2 29 75 83 62 80 77 47 68 40 14 96 37 50 25 72 97 36 28 41 15 90 95 81 91 76 11 13 20 85 65 86 1 33 45 46 
67 47 44 96 13 39 91 98 84 97 79 35 95 24 30 6 86 74 85 55 64 61 3 89 4 54 90 28 45 27 92 19 20 50 58 46 11 73 16 23 32 29 22 75 88 81 10 8 93 34 17 36 94 80 18 82 78 57 21 60 65 40 43 59 63 69 5 87 0 26 77 42 15 51 52 66 12 49 2 33 72 62 31 68 99 53 9 14 48 1 71 56 38 83 76 25 7 70 41 37 
80 85 74 82 66 13 10 57 86 9 51 58 76 97 91 26 59 93 15 70 99 49 35 94 79 7 30 19 87 96 53 36 29 4 8 92 1 56 98 2 11 33 3 63 40 90 60 47 77 37 0 17 18 75 89 54 62 12 38 71 20 16 83 67 50 46 41 23 68 95 43 6 25 84 81 31 32 39 27 21 34 48 88 73 69 64 5 61 78 65 45 44 28 72 42 14 22 24 55 52 
77 20 38 82 31 70 23 10 8 4 91 63 74 60 73 0 53 69 85 46 45 43 37 57 55 25 64 19 47 3 16 83 41 30 11 93 40 54 56 98 62 17 80 9 24 76 67 58 48 89 87 28 78 44 81 35 75 95 14 34 15 66 99 59 27 7 52 51 32 21 88 13 29 96 71 12 26 86 50 33 6 68 36 5 97 92 79 22 84 42 72 18 49 1 61 90 39 94 2 65 
40 36 19 32 56 73 97 64 1 70 96 58 74 69 14 93 29 6 2 15 98 78 39 83 42 41 5 53 66 43 24 27 57 60 13 45 21 79 76 30 4 95 10 51 85 61 86 35 65 0 88 37 59 87 3 17 54 18 46 52 47 81 38 89 80 23 63 91 92 48 28 82 84 26 16 62 7 77 75 50 68 20 90 49 71 72 99 9 22 31 25 33 55 44 8 11 12 34 67 94 
8 15 51 42 1 62 21 50 90 61 70 31 4 40 78 16 93 96 64 34 14 41 10 83 58 45 27 79 77 81 56 28 84 59 9 91 32 36 86 11 7 69 94 24 39 26 22 65 43 89 49 25 95 12 75 88 44 18 47 82 19 20 37 85 6 55 29 80 53 74 76 67 57 68 2 98 97 73 99 63 23 5 0 17 13 60 87 71 30 54 38 46 72 48 92 66 35 52 3 33 
54 92 9 53 41 26 17 27 40 36 30 70 8 61 80 6 50 65 24 29 5 98 51 32 66 94 45 3 77 19 75 73 42 88 76 22 58 33 90 74 23 13 31 4 89 2 16 81 39 1 93 49 78 37 48 64 62 69 96 99 55 21 67 47 97 52 91 56 10 28 71 59 35 20 11 44 14 15 82 25 84 95 38 12 85 79 72 43 7 0 57 46 87 60 83 68 86 18 34 63 
94 40 99 31 71 64 35 19 36 7 90 89 75 68 57 76 79 23 6 78 14 4 66 98 41 91 15 43 97 12 87 28 62 51 39 42 13 58 26 86 55 49 48 44 72 74 20 70 80 65 69 9 29 84 54 22 67 3 73 59 16 56 17 45 82 85 25 93 37 83 47 77 52 1 18 33 0 96 24 50 34 11 2 27 81 63 88 8 60 92 10 32 95 46 21 53 38 30 5 61 
44 96 83 72 29 25 27 99 35 57 73 47 66 9 77 89 85 95 60 78 36 30 46 88 98 67 37 19 75 94 14 12 39 53 97 70 61 82 74 1 92 15 49 23 40 48 3 28 34 0 22 84 13 7 45 93 20 90 17 58 18 50 4 33 43 24 16 51 79 54 31 8 59 86 41 91 55 87 6 26 42 80 21 62 69 32 52 38 11 68 64 56 63 65 71 10 76 2 81 5 
20 42 98 90 16 61 69 75 49 48 24 1 60 7 95 77 35 30 62 89 76 68 54 46 84 12 43 32 59 44 3 31 53 40 70 93 88 41 38 79 58 83 85 78 81 73 50 11 57 26 23 14 17 18 21 86 10 94 56 25 45 87 71 8 80 72 27 82 5 4 51 2 6 66 36 29 96 33 28 63 15 34 55 74 39 13 64 91 19 97 47 22 0 99 65 67 52 92 37 9 
40 61 28 2 84 76 24 7 45 97 48 1 17 60 88 72 31 59 11 57 49 91 82 21 96 58 15 5 67 85 79 65 89 27 87 18 86 30 81 95 53 62 44 73 32 54 68 13 66 25 94 75 8 74 22 20 12 56 47 6 98 46 16 78 90 80 50 34 26 69 33 43 23 39 4 3 0 52 29 42 10 36 35 71 51 41 63 77 92 93 55 99 14 38 70 9 19 64 83 37 
10 32 78 56 8 26 23 94 42 52 4 20 70 46 1 36 64 82 6 95 24 79 62 41 57 93 12 61 83 85 39 77 54 14 30 50 45 17 87 80 98 16 68 3 21 25 71 28 48 47 53 58 88 63 66 27 34 91 69 81 18 86 92 19 2 37 22 89 40 75 38 59 49 74 96 84 9 99 33 73 5 0 97 11 7 60 55 67 15 29 43 72 90 13 51 65 35 44 76 31 
89 56 49 86 20 62 35 60 5 12 99 10 45 91 97 65 30 93 75 0 94 77 34 38 79 28 2 23 36 26 73 70 27 76 57 7 74 53 8 61 63 14 68 47 78 39 48 33 1 85 37 42 66 46 50 72 22 64 18 88 67 11 87 92 17 55 43 90 13 29 51 83 81 54 95 6 98 41 96 80 16 52 3 4 69 31 21 15 71 24 59 40 84 58 82 44 32 9 19 25 
42 61 78 8 1 75 70 26 45 97 55 74 13 0 37 84 6 65 51 38 57 40 92 3 87 50 18 71 54 21 83 7 43 62 49 4 88 24 10 52 28 60 19 58 89 64 29 47 63 81 5 69 56 15 35 20 30 96 33 44 82 53 2 46 59 86 73 91 11 90 23 36 16 32 66 34 68 85 22 17 80 67 31 99 14 48 25 94 39 27 76 12 77 9 98 79 93 72 41 95 
10 51 82 68 7 4 56 95 76 12 79 85 35 42 77 13 59 9 70 46 88 31 30 97 87 60 17 72 83 45 2 5 23 53 54 90 63 50 75 58 22 64 91 26 57 6 89 39 84 69 29 41 73 24 43 44 52 18 34 11 25 65 61 14 20 32 80 37 15 74 27 16 81 33 55 21 78 36 66 40 92 99 48 0 93 1 96 86 38 19 47 62 49 28 67 3 71 94 8 98 
9 80 55 43 74 39 35 91 16 78 17 89 60 58 90 20 4 42 23 10 8 75 76 65 18 25 87 24 0 47 2 27 98 53 79 97 92 51 36 86 77 52 5 81 69 14 95 45 66 26 1 40 29 84 21 93 3 61 68 94 50 19 37 28 70 38 46 48 6 96 63 32 11 73 54 64 99 83 33 56 82 71 15 22 85 62 57 30 72 13 7 88 59 67 34 44 31 12 49 41 
13 75 90 61 37 12 95 35 17 19 38 4 76 25 56 27 26 85 93 66 21 52 2 1 73 70 34 55 40 57 78 42 71 47 7 6 59 80 33 88 82 79 81 89 18 3 46 32 97 50 96 36 23 41 20 11 51 5 53 14 24 10 29 92 98 94 49 77 64 48 68 74 63 31 58 39 83 45 30 67 15 22 60 9 84 43 65 69 0 99 28 62 87 16 86 91 72 8 44 54 
87 93 76 79 45 69 35 97 59 32 11 16 57 13 6 84 8 27 34 22 47 60 42 28 0 41 21 91 62 26 2 19 94 68 53 77 12 89 25 63 55 80 36 90 95 61 1 18 24 99 7 49 31 72 5 54 29 20 82 40 15 23 44 43 88 64 37 39 70 75 92 83 33 65 14 66 78 46 73 48 10 52 58 81 85 17 30 4 51 56 50 71 74 9 38 86 3 96 98 67 
46 96 27 29 6 31 20 61 78 88 70 41 66 16 13 47 40 73 7 38 59 76 4 86 49 57 56 37 14 12 0 90 67 51 63 91 26 5 69 23 65 94 42 89 32 1 62 55 18 43 93 33 3 34 22 9 44 30 39 68 99 82 28 75 2 48 52 64 36 71 85 58 21 35 83 11 77 74 17 19 54 25 80 53 92 79 10 8 84 72 60 95 98 97 81 45 24 87 50 15 
97 8 57 43 41 86 74 65 75 83 19 93 73 20 25 1 59 60 64 18 3 56 77 44 47 39 53 94 95 11 37 67 12 66 9 50 14 27 33 4 84 62 49 35 24 52 87 90 55 78 81 70 6 63 36 28 10 58 34 98 99 17 80 40 0 79 15 88 82 51 42 13 22 26 2 54 68 71 32 46 5 96 48 38 7 92 45 23 85 89 29 16 91 72 69 76 30 61 31 21 
4 42 17 53 66 21 50 89 91 88 74 84 82 65 33 29 40 30 46 87 52 54 1 13 93 67 92 43 31 19 32 2 76 12 47 80 63 94 90 70 18 98 25 15 68 79 35 56 34 3 0 57 51 99 61 37 55 58 20 39 59 86 27 83 22 6 60 77 85 48 72 97 78 16 62 81 10 75 14 38 44 28 45 26 8 71 36 64 23 24 9 41 7 5 96 49 69 95 11 73 
66 25 12 96 8 98 6 22 32 27 43 9 80 38 47 39 58 81 42 3 45 1 76 65 28 63 72 15 69 23 57 0 82 62 92 33 84 4 87 89 54 68 29 11 46 94 49 79 48 2 16 36 34 20 53 59 50 14 77 71 18 40 83 55 75 17 67 86 78 52 13 30 24 10 88 85 41 5 56 70 21 60 19 51 93 74 35 61 31 91 73 97 7 99 95 44 90 26 64 37 
21 38 8 48 2 94 14 25 13 29 93 10 32 39 56 42 75 64 35 12 59 26 1 23 55 6 77 60 91 52 41 99 87 45 90 71 61 0 37 46 16 89 34 92 20 73 28 15 65 83 33 80 82 97 44 81 7 22 24 5 4 96 69 79 53 76 17 18 66 62 27 49 88 98 68 43 85 11 9 78 86 51 47 72 84 3 95 67 54 36 30 40 70 57 58 74 31 19 50 63 
34 52 42 20 0 65 4 24 11 57 93 38 13 58 29 16 61 44 12 14 36 64 39 35 49 69 99 6 91 18 48 95 21 80 60 92 55 73 5 59 43 25 37 76 63 33 28 84 70 7 68 8 40 89 79 51 88 56 27 41 72 17 10 96 86 50 3 47 98 45 83 22 87 90 46 1 85 53 82 19 67 23 77 71 81 26 2 78 94 9 97 30 15 66 74 54 75 32 31 62 
78 4 92 51 48 53 74 19 22 47 59 76 29 96 35 14 32 84 56 73 58 54 7 87 98 45 34 79 9 65 3 39 1 43 60 0 15 30 36 64 81 89 18 52 33 16 25 77 13 94 70 86 85 99 66 44 10 83 31 5 55 49 90 37 71 23 6 95 21 28 50 8 69 68 88 82 12 20 11 63 57 97 27 38 67 41 72 75 42 46 80 17 93 61 2 40 26 62 24 91 
22 79 29 2 31 44 48 54 25 69 20 5 41 87 23 16 50 68 64 17 39 86 75 3 32 0 96 93 33 52 9 80 46 74 56 6 77 78 51 42 53 88 24 55 71 99 73 43 40 65 81 94 83 30 90 60 35 13 85 72 66 47 4 76 15 27 70 97 95 1 26 18 59 62 8 61 36 63 7 67 49 84 19 89 21 98 58 92 82 38 57 45 28 34 11 12 10 14 37 91 
35 56 3 67 81 12 50 69 92 37 65 98 96 2 15 49 84 22 99 8 82 6 86 40 23 27 53 66 83 68 33 36 75 55 25 31 89 14 34 62 38 91 64 42 57 95 18 54 30 77 9 76 63 73 46 78 74 59 19 47 72 71 43 88 90 45 51 52 20 97 21 80 61 39 4 41 94 70 28 16 48 5 17 85 24 1 0 79 58 11 26 93 60 32 7 13 29 44 87 10 
0 3 63 82 93 20 16 36 56 70 91 89 77 18 64 6 94 66 17 23 47 22 15 26 27 4 28 9 53 46 31 29 72 69 14 59 75 19 79 74 7 44 34 88 87 1 13 99 33 42 97 98 25 43 80 37 86 65 81 50 51 57 84 78 38 58 52 49 67 62 90 10 92 21 76 40 83 68 32 24 39 55 60 8 35 12 41 5 85 2 61 71 96 48 54 30 11 95 73 45 
16 0 49 67 1 64 84 8 65 71 38 51 69 43 5 45 70 40 21 24 87 92 18 9 46 53 17 19 37 81 2 4 75 22 62 74 12 25 27 29 50 48 28 79 76 78 95 59 41 77 33 23 31 6 14 98 61 72 3 20 66 60 52 15 42 99 35 11 68 54 34 85 82 86 58 97 47 91 36 55 32 7 80 89 83 56 93 44 13 39 94 90 30 73 10 26 57 88 96 63 
56 65 80 94 78 88 45 24 6 38 13 36 26 61 20 75 11 46 37 70 82 54 64 69 86 15 25 47 71 9 49 50 41 17 63 92 32 55 72 44 8 68 12 77 34 40 35 93 27 62 30 66 74 28 73 43 39 96 58 1 98 3 0 52 33 57 79 5 7 87 60 31 85 22 59 4 10 23 48 21 89 84 2 67 91 76 83 99 18 29 42 19 51 97 14 16 90 95 81 53 
56 98 80 9 82 19 31 45 68 91 67 36 61 53 25 30 34 11 90 94 83 76 86 63 27 69 70 97 87 6 42 39 64 20 65 51 72 59 23 66 4 43 57 85 84 74 32 21 16 47 93 1 96 26 33 18 60 14 40 73 79 29 41 44 22 89 55 3 48 17 10 7 24 54 58 28 50 52 77 49 99 35 0 8 71 81 88 95 15 46 92 13 38 75 78 62 5 2 37 12 
30 86 18 83 6 19 25 61 33 90 32 9 8 51 34 67 87 36 40 26 91 88 64 13 11 38 94 20 41 84 44 21 50 77 3 37 54 48 74 98 46 5 78 23 27 73 76 4 82 71 17 29 65 92 14 43 89 72 70 47 24 80 68 28 1 81 97 99 0 75 15 49 10 35 31 93 45 59 62 96 53 60 69 7 56 66 85 2 57 58 22 42 55 12 52 79 63 39 16 95 
28 2 36 41 51 68 89 4 21 69 12 15 87 45 43 91 98 1 84 9 81 57 34 65 39 53 67 80 86 37 92 19 18 54 40 64 38 23 30 33 47 61 93 56 17 25 10 5 94 82 32 49 83 99 60 42 96 72 7 3 75 20 31 14 29 44 0 24 73 76 22 16 90 71 59 63 77 48 8 97 58 26 55 88 52 27 6 79 62 85 78 70 11 66 74 95 13 35 46 50 
35 51 17 0 80 7 91 22 2 76 41 59 27 83 62 85 72 84 78 12 42 56 79 33 38 87 71 1 73 53 97 93 34 45 26 8 39 37 23 50 40 94 58 75 99 68 96 74 19 44 98 70 6 18 89 11 61 24 47 86 4 20 13 69 5 60 57 77 30 66 25 49 52 65 88 48 3 32 15 43 10 90 82 29 46 21 92 64 55 54 28 81 95 31 36 14 9 16 67 63 
75 60 9 2 18 59 90 34 51 3 6 20 14 19 74 58 39 5 96 16 56 4 86 23 12 67 7 35 44 62 46 1 8 76 61 78 98 21 11 89 41 80 28 0 40 17 30 87 27 33 24 43 29 70 49 64 50 68 57 52 31 84 48 71 93 10 25 47 32 83 77 13 82 63 92 97 88 22 72 37 99 54 81 53 73 91 55 65 85 36 94 15 42 66 79 69 45 95 38 26 
55 77 1 66 32 19 27 12 30 22 15 73 75 47 67 97 99 7 54 34 37 78 26 20 64 49 10 17 80 4 33 71 5 42 79 90 74 63 52 9 39 96 2 86 93 31 88 95 85 50 70 57 40 43 68 56 82 72 24 16 60 89 0 83 18 46 21 29 91 36 48 23 81 11 53 84 94 6 44 45 3 28 69 76 25 62 65 14 92 58 38 8 98 87 13 61 35 51 41 59 
24 12 78 28 30 7 67 80 18 63 99 17 23 3 89 22 44 15 94 35 84 46 85 91 27 72 14 26 31 86 69 90 77 39 81 40 11 87 83 20 45 93 64 25 76 73 52 70 16 43 36 57 33 38 0 61 19 59 66 54 29 88 53 71 32 42 79 1 48 68 95 41 49 75 97 2 51 5 55 4 37 6 82 96 47 34 58 50 65 9 60 98 8 56 10 13 74 21 62 92 
26 87 63 83 93 78 62 28 61 16 84 86 60 40 98 13 54 48 19 72 97 30 82 89 23 66 4 58 91 45 56 2 55 27 25 41 3 11 69 70 32 9 21 12 43 59 51 50 75 99 57 94 90 31 96 20 79 47 10 68 76 6 64 36 92 39 5 37 46 52 34 24 49 74 42 44 77 18 65 8 17 73 14 81 33 35 22 7 53 38 80 0 67 1 95 88 71 85 15 29 
0 55 88 40 21 90 27 42 3 32 30 36 94 39 84 72 60 15 22 62 86 77 11 82 64 75 91 14 99 7 87 16 61 45 13 20 76 48 17 25 44 2 67 47 43 34 53 89 95 9 92 23 8 81 19 51 80 93 50 73 52 54 79 74 18 10 63 37 66 70 69 41 28 31 78 97 1 59 26 57 35 46 6 49 38 71 96 68 83 4 24 29 56 33 58 12 85 65 98 5 
91 70 58 2 68 89 29 8 60 24 4 65 34 64 0 1 72 86 79 46 76 21 11 31 49 78 25 83 33 51 63 52 41 96 10 14 19 27 82 50 5 62 69 66 88 13 85 39 40 45 32 28 7 35 48 26 23 95 99 47 17 38 22 56 73 90 84 36 75 55 98 30 20 3 15 59 53 16 92 80 6 67 43 77 9 54 93 57 97 42 61 18 87 71 37 81 44 12 94 74 
54 49 20 35 64 27 79 18 40 52 30 47 77 8 88 74 48 3 53 96 80 21 25 60 63 76 70 42 6 45 37 73 46 39 15 98 2 16 61 81 0 10 38 17 43 72 87 29 1 28 23 41 59 11 7 67 24 82 66 31 14 58 22 9 36 13 26 78 92 93 86 51 32 71 62 68 90 75 12 69 65 85 57 97 99 89 19 5 44 91 55 83 56 50 34 84 4 94 33 95 
15 70 11 80 33 10 96 73 66 88 19 40 85 41 26 82 61 59 77 75 71 1 68 94 78 84 67 62 53 16 23 8 47 60 69 27 50 9 91 89 51 65 5 4 49 83 48 55 54 56 74 31 42 39 14 38 58 32 24 35 25 7 76 30 57 20 81 46 72 45 43 99 37 18 64 44 34 93 22 86 63 6 95 79 0 29 13 17 3 28 36 2 97 98 90 52 21 87 12 92 
28 31 27 6 95 33 94 47 55 49 46 36 71 25 38 75 21 64 92 68 83 4 60 77 48 99 98 16 56 41 76 69 23 78 79 26 72 88 96 15 86 35 45 22 59 24 85 74 13 40 5 8 58 82 17 50 90 66 44 43 80 61 34 67 1 93 53 39 73 3 87 18 62 29 51 52 57 9 0 19 10 32 37 65 42 20 63 97 14 30 11 89 81 91 2 54 7 12 84 70 
26 52 69 63 7 93 41 27 96 37 6 15 46 32 86 83 13 91 36 18 89 34 79 49 30 8 40 97 78 3 99 2 66 73 25 55 5 4 71 94 70 19 81 14 24 21 12 9 90 0 68 17 65 53 35 11 47 45 74 80 22 77 67 50 43 62 92 51 98 88 44 95 20 29 76 72 58 87 59 64 60 16 33 54 57 10 38 39 23 48 56 84 85 75 42 1 82 31 28 61 
92 53 94 28 8 72 54 16 60 75 56 46 43 22 7 47 65 36 17 42 57 52 23 73 55 44 41 21 33 63 51 45 32 2 3 88 71 26 99 78 84 79 39 31 0 68 91 64 97 5 18 96 70 48 1 34 74 12 15 10 37 50 13 90 30 4 82 62 87 80 83 95 14 35 86 20 59 27 76 85 19 67 58 89 11 24 98 9 77 93 66 6 81 40 61 38 49 29 25 69 
9 59 51 74 29 14 68 7 2 45 41 58 38 39 75 95 42 47 70 16 28 90 17 77 63 64 80 27 36 94 82 30 18 98 87 13 5 86 89 21 37 91 12 40 32 76 6 46 44 22 93 97 83 55 25 43 49 20 67 72 10 78 19 11 23 62 84 99 66 81 92 50 56 71 54 61 4 53 33 35 85 96 57 1 0 48 15 8 52 73 88 60 69 26 24 79 31 65 3 34 
73 37 71 98 47 7 79 76 91 55 34 69 20 74 24 52 49 54 3 9 53 5 78 27 22 72 70 13 66 43 15 14 29 35 23 61 2 12 93 33 59 99 10 81 17 83 96 32 86 95 31 38 56 58 44 45 40 30 51 4 19 89 85 48 64 0 80 88 57 65 67 42 77 28 39 41 90 16 75 84 82 87 63 1 11 97 94 36 21 8 26 18 68 50 92 60 6 25 46 62 
43 45 80 26 14 30 65 6 99 88 79 38 4 68 23 12 39 42 24 63 7 9 56 83 32 91 10 82 18 21 28 31 85 72 27 22 81 57 86 61 50 25 95 58 13 92 94 66 1 89 20 15 49 77 16 37 84 96 71 8 11 90 46 29 0 33 74 48 97 62 76 36 55 51 93 40 44 78 17 54 35 73 98 34 60 47 19 64 59 70 41 53 5 69 87 67 3 75 52 2 
27 42 11 68 36 87 91 48 58 57 83 12 44 20 98 32 70 7 0 19 65 49 55 10 99 52 85 75 67 86 34 78 24 59 13 31 41 37 53 23 93 46 72 16 76 33 69 62 82 30 94 51 81 77 26 40 71 28 5 74 45 50 25 54 14 43 35 95 1 9 4 38 73 29 89 63 97 6 88 21 60 92 15 90 47 96 64 39 66 79 8 3 61 84 56 22 2 18 80 17 
90 69 61 1 70 30 79 43 3 8 60 23 86 31 66 26 95 19 24 10 55 81 53 46 18 94 36 72 15 99 38 83 97 29 76 96 56 6 48 40 59 44 78 35 54 63 82 14 28 11 41 71 73 5 93 51 42 22 34 84 67 57 77 32 21 64 16 37 58 91 39 75 12 87 74 2 52 50 89 62 45 33 4 0 85 27 98 65 20 88 7 13 68 47 80 9 49 25 17 92 
64 69 80 85 14 92 50 67 1 39 5 76 66 15 11 44 60 46 6 36 83 7 30 55 22 77 45 34 59 93 47 13 61 33 19 87 51 8 84 9 38 74 57 86 10 96 23 75 40 65 94 28 27 90 49 0 42 71 32 26 2 88 31 97 37 73 70 17 62 63 56 68 21 53 4 91 58 3 16 43 98 89 95 18 24 12 79 25 48 52 81 99 54 29 82 72 20 41 35 78 
57 74 33 21 26 5 73 44 0 97 28 17 34 47 51 56 3 69 43 53 95 60 4 13 30 11 46 58 77 19 12 71 29 22 72 6 49 88 39 20 8 99 76 85 14 1 48 94 40 98 79 61 31 32 50 63 80 37 45 68 41 82 92 55 24 27 78 25 93 54 70 42 9 52 62 75 65 38 2 7 59 66 90 36 86 87 96 89 35 81 23 67 64 83 18 84 91 16 15 10 
44 28 33 26 95 94 0 54 41 83 59 90 5 27 77 17 88 65 81 67 63 93 2 82 35 14 15 55 34 36 66 31 48 56 60 9 69 98 10 86 61 92 76 22 37 46 52 47 40 30 24 21 87 25 97 3 58 11 23 72 16 89 7 8 42 1 6 50 68 29 39 53 70 19 84 96 78 43 38 75 64 99 4 91 45 85 79 62 12 18 49 74 13 80 57 32 51 73 20 71 
61 24 93 99 52 55 64 28 33 10 97 78 30 25 40 94 15 35 41 42 76 63 67 48 37 74 26 12 14 36 73 96 6 5 29 66 9 44 46 0 49 92 60 70 82 69 83 2 53 20 90 17 79 59 16 77 68 18 34 27 43 81 21 50 95 80 39 38 85 91 13 54 7 4 72 75 86 51 32 23 19 88 62 71 58 8 56 31 84 45 3 89 11 57 65 1 87 98 22 47 
46 35 36 51 78 28 85 22 25 50 75 92 23 68 30 16 19 29 9 93 82 43 40 64 8 42 27 98 62 6 80 86 53 47 44 48 95 58 3 21 34 88 12 97 77 89 17 37 67 26 49 5 73 72 45 52 7 20 13 83 4 84 65 24 71 91 57 99 32 18 38 39 59 63 10 94 96 87 54 74 90 70 11 1 14 0 2 55 66 81 31 61 79 60 33 69 41 56 76 15 
65 78 88 51 90 0 4 98 33 41 92 20 80 10 45 61 56 47 83 79 58 94 14 66 40 38 13 5 9 82 85 49 37 17 8 32 16 73 89 24 11 87 59 1 48 50 12 60 31 63 6 72 93 36 77 55 57 27 81 15 91 76 29 26 23 21 22 74 7 25 96 70 95 34 30 43 53 71 54 99 2 75 68 69 64 86 39 97 19 3 84 35 52 62 28 42 46 18 44 67 
10 88 34 86 33 94 92 5 28 13 66 64 95 81 21 52 71 18 17 30 99 68 22 98 23 4 47 58 12 87 11 1 51 89 69 83 31 7 75 79 72 37 80 73 67 26 9 14 41 43 27 50 46 85 55 53 24 96 91 62 56 19 35 15 29 78 6 59 84 77 36 8 70 93 60 16 74 25 40 97 39 20 48 2 45 57 90 54 32 42 76 3 65 61 49 44 38 0 63 82 
83 85 50 57 79 25 53 32 42 16 15 7 21 37 19 66 9 17 71 36 89 60 48 40 92 54 61 2 43 76 70 55 44 1 24 11 18 12 73 59 93 63 64 38 20 22 86 10 56 6 28 45 52 90 26 94 30 5 41 91 29 84 87 62 81 75 67 31 95 98 97 4 14 80 8 77 23 88 49 51 35 33 13 27 65 72 47 0 74 34 99 58 68 46 78 82 3 69 39 96 
4 99 69 77 82 93 8 55 78 19 97 12 79 52 20 70 85 81 60 54 2 14 73 56 11 68 72 21 30 59 75 47 76 91 3 80 34 57 18 43 23 74 15 13 95 28 84 38 88 39 35 71 64 92 32 51 96 5 6 7 10 94 65 44 90 26 66 58 89 41 40 62 17 86 29 22 25 45 36 67 48 49 24 83 31 27 0 61 16 87 1 33 50 42 53 37 63 98 9 46 
5 67 61 38 97 29 26 19 66 47 0 40 31 64 71 95 12 11 13 83 18 56 76 79 94 22 3 78 8 9 16 73 68 99 1 96 74 84 85 49 43 7 15 48 88 6 46 82 52 60 33 21 51 17 28 25 98 80 62 69 70 39 30 81 87 57 55 36 35 2 10 90 34 89 4 72 58 54 91 14 45 65 37 27 63 92 24 41 86 42 75 44 77 20 32 93 50 53 59 23 
68 67 63 33 84 57 8 75 25 42 88 76 43 56 35 12 18 89 47 94 5 99 55 72 90 93 73 30 7 59 10 49 86 74 4 91 39 52 48 77 46 97 50 3 69 53 71 87 80 40 31 22 60 62 26 17 64 1 34 23 2 24 70 54 0 13 41 96 78 36 81 66 83 65 29 45 37 14 9 85 44 98 6 32 92 82 16 51 38 58 95 28 61 11 27 21 79 15 19 20 
75 44 93 47 60 9 70 62 33 51 55 83 69 58 13 42 11 88 31 96 45 24 80 27 76 86 72 68 73 99 15 39 67 20 85 49 59 43 34 37 22 8 14 79 23 29 63 3 26 4 41 81 19 78 17 66 40 38 32 61 46 89 90 18 95 52 77 25 82 87 12 91 28 74 7 65 64 71 1 30 57 16 48 53 56 97 36 54 35 98 21 5 10 84 92 2 0 94 50 6 
56 32 86 37 13 85 76 54 39 49 89 57 16 31 90 17 25 51 83 19 29 6 91 66 78 15 0 84 18 92 68 7 79 3 30 99 69 43 48 41 77 64 97 73 5 50 98 35 45 82 40 1 26 9 23 87 28 12 96 75 27 42 4 34 71 14 21 80 94 65 63 10 81 55 11 24 20 67 93 33 72 95 38 88 70 46 22 59 47 8 58 60 74 44 53 52 62 36 61 2 
18 66 6 2 32 85 5 61 22 0 65 31 70 55 68 54 43 92 60 59 14 47 23 37 99 9 98 3 44 80 36 58 71 81 7 26 8 73 95 1 82 79 20 93 21 63 33 72 88 48 52 62 90 77 69 91 29 12 50 10 40 75 16 30 27 86 11 28 51 76 35 74 4 25 56 97 41 64 38 67 96 78 83 89 24 49 19 39 42 84 45 94 34 53 57 46 17 15 13 87 
85 77 24 91 93 58 82 39 40 50 25 14 75 54 6 2 48 86 45 4 62 72 21 89 79 94 60 18 22 43 53 55 33 63 49 69 87 66 67 10 57 5 8 12 15 64 0 61 31 80 99 76 41 83 3 38 28 1 71 34 7 35 68 90 13 20 88 65 23 19 95 74 81 9 30 84 42 97 26 29 47 46 96 32 11 92 16 70 27 51 17 52 98 36 44 56 59 73 78 37 
50 27 82 11 42 31 47 59 51 68 87 18 22 20 98 9 21 36 55 85 33 73 77 93 71 12 78 34 57 43 72 80 89 44 25 64 62 74 52 95 4 38 90 69 76 17 79 5 88 6 63 49 10 70 60 56 3 92 16 24 45 28 46 14 65 2 99 86 39 19 91 29 8 41 23 13 97 40 54 66 0 53 84 30 75 32 81 26 35 37 15 67 7 94 96 48 1 83 58 61 
95 65 99 57 33 59 10 15 70 56 74 18 22 90 34 75 92 28 8 12 60 9 25 94 16 77 48 42 6 96 71 98 45 93 73 31 67 7 39 49 47 64 20 51 43 79 27 89 81 66 11 0 26 1 24 13 23 41 76 2 58 3 14 62 55 30 86 85 37 87 68 91 36 50 35 4 54 32 44 88 21 19 52 63 72 40 53 46 83 82 29 61 69 5 80 78 84 97 17 38 
58 71 31 11 87 14 10 82 90 52 80 43 91 1 44 72 85 75 88 77 95 55 26 46 76 93 38 53 42 79 34 86 27 30 51 20 12 63 69 41 33 73 7 17 15 49 61 57 39 78 37 45 60 29 97 83 59 68 16 25 22 36 54 99 94 47 8 3 19 5 21 23 50 18 24 96 56 98 9 62 2 28 70 4 67 40 32 0 6 13 84 92 81 66 65 89 35 74 64 48 
18 98 86 32 29 2 21 73 48 15 39 96 72 63 68 11 85 7 14 88 9 44 92 47 90 70 94 43 24 8 80 20 25 74 5 28 23 34 46 99 93 13 65 26 4 40 6 16 30 45 0 36 77 55 51 53 50 71 41 49 60 87 81 54 19 66 33 76 31 69 83 56 3 35 22 62 58 64 38 91 84 27 82 79 52 95 59 1 17 37 67 75 57 97 89 12 78 61 10 42 
12 75 79 80 69 2 5 83 0 53 3 45 85 33 31 4 82 60 78 52 22 77 76 55 93 29 21 19 17 48 92 35 32 56 24 37 6 86 25 27 49 42 43 66 68 95 41 72 96 74 88 97 54 62 58 64 98 73 81 34 91 44 87 38 11 70 14 28 57 20 90 46 30 94 40 18 51 16 1 15 65 23 7 67 61 26 71 47 39 84 10 50 8 89 59 9 99 13 63 36 
57 10 62 32 7 17 64 9 4 37 42 97 15 14 18 52 69 88 91 2 60 84 23 51 0 16 66 48 78 29 13 36 12 20 86 50 70 59 46 77 79 19 54 98 31 99 47 56 61 6 74 67 93 33 55 21 90 22 1 80 27 94 71 68 43 53 26 3 65 92 82 25 72 89 8 63 83 39 49 41 5 81 95 96 24 35 87 28 40 45 76 30 11 38 44 85 73 34 58 75 
59 30 78 68 71 44 31 25 49 69 47 51 46 58 77 96 16 92 74 88 7 14 85 91 17 63 52 24 55 28 8 79 23 21 27 64 60 82 53 39 43 76 3 67 10 36 97 62 56 12 15 1 20 13 80 93 83 75 72 37 86 66 90 94 35 2 50 73 0 34 40 5 19 65 26 99 98 9 48 57 89 41 38 33 11 81 42 70 6 84 45 29 95 4 61 32 22 18 54 87 
19 68 49 23 26 98 75 74 85 36 66 39 83 73 96 13 69 46 78 58 35 9 79 65 40 20 21 55 34 91 25 48 2 38 8 54 59 11 27 70 72 10 15 88 71 16 24 94 37 76 47 84 81 29 14 12 99 53 5 45 52 61 77 30 7 43 41 28 86 32 80 42 22 63 4 56 90 87 62 82 31 64 60 50 93 92 1 97 95 3 17 57 0 6 67 44 51 18 33 89 
